247	5	0
248	5	0
249	5	0
250	5	0
247	6	0
250	6	0
251	6	0
247	7	0
251	7	0
252	7	0
253	7	0
247	8	0
248	8	0
253	8	0
254	8	0
255	8	0
248	9	0
249	9	0
255	9	0
256	9	0
236	10	0
237	10	0
238	10	0
249	10	0
250	10	0
256	10	0
235	11	0
236	11	0
238	11	0
239	11	0
240	11	0
250	11	0
251	11	0
256	11	0
257	11	0
234	12	0
235	12	0
240	12	0
241	12	0
242	12	0
251	12	0
252	12	0
257	12	0
234	13	0
242	13	0
243	13	0
252	13	0
253	13	0
254	13	0
257	13	0
233	14	0
234	14	0
243	14	0
244	14	0
245	14	0
254	14	0
255	14	0
257	14	0
233	15	0
245	15	0
246	15	0
255	15	0
256	15	0
257	15	0
233	16	0
246	16	0
247	16	0
232	17	0
233	17	0
247	17	0
248	17	0
232	18	0
248	18	0
249	18	0
250	18	0
107	19	0
108	19	0
109	19	0
232	19	0
247	19	0
248	19	0
249	19	0
250	19	0
106	20	0
107	20	0
109	20	0
110	20	0
111	20	0
232	20	0
243	20	0
244	20	0
245	20	0
246	20	0
247	20	0
105	21	0
106	21	0
111	21	0
112	21	0
232	21	0
239	21	0
240	21	0
241	21	0
242	21	0
243	21	0
104	22	0
105	22	0
112	22	0
232	22	0
235	22	0
236	22	0
237	22	0
238	22	0
239	22	0
103	23	0
104	23	0
112	23	0
232	23	0
233	23	0
234	23	0
235	23	0
102	24	0
103	24	0
112	24	0
113	24	0
101	25	0
102	25	0
113	25	0
254	25	0
255	25	0
256	25	0
257	25	0
258	25	0
259	25	0
100	26	0
101	26	0
113	26	0
248	26	0
249	26	0
250	26	0
251	26	0
252	26	0
253	26	0
254	26	0
259	26	0
260	26	0
261	26	0
262	26	0
100	27	0
113	27	0
243	27	0
244	27	0
245	27	0
246	27	0
247	27	0
248	27	0
262	27	0
263	27	0
100	28	0
113	28	0
241	28	0
242	28	0
243	28	0
263	28	0
264	28	0
265	28	0
100	29	0
113	29	0
238	29	0
239	29	0
240	29	0
241	29	0
265	29	0
266	29	0
100	30	0
112	30	0
113	30	0
236	30	0
237	30	0
238	30	0
266	30	0
100	31	0
112	31	0
234	31	0
235	31	0
236	31	0
266	31	0
267	31	0
100	32	0
111	32	0
112	32	0
233	32	0
234	32	0
267	32	0
100	33	0
110	33	0
111	33	0
233	33	0
267	33	0
268	33	0
100	34	0
101	34	0
106	34	0
107	34	0
108	34	0
109	34	0
110	34	0
233	34	0
268	34	0
269	34	0
101	35	0
102	35	0
103	35	0
104	35	0
105	35	0
106	35	0
232	35	0
233	35	0
269	35	0
176	36	0
177	36	0
178	36	0
179	36	0
180	36	0
232	36	0
269	36	0
270	36	0
174	37	0
175	37	0
176	37	0
180	37	0
181	37	0
182	37	0
183	37	0
184	37	0
232	37	0
270	37	0
271	37	0
458	37	0
459	37	0
460	37	0
461	37	0
462	37	0
174	38	0
184	38	0
185	38	0
232	38	0
271	38	0
456	38	0
457	38	0
458	38	0
462	38	0
463	38	0
464	38	0
173	39	0
174	39	0
185	39	0
186	39	0
187	39	0
232	39	0
233	39	0
271	39	0
272	39	0
453	39	0
454	39	0
455	39	0
456	39	0
464	39	0
465	39	0
466	39	0
172	40	0
173	40	0
187	40	0
188	40	0
233	40	0
272	40	0
453	40	0
466	40	0
467	40	0
468	40	0
172	41	0
188	41	0
189	41	0
190	41	0
233	41	0
272	41	0
273	41	0
452	41	0
453	41	0
468	41	0
469	41	0
171	42	0
172	42	0
190	42	0
191	42	0
192	42	0
233	42	0
234	42	0
273	42	0
452	42	0
469	42	0
470	42	0
171	43	0
192	43	0
193	43	0
194	43	0
234	43	0
273	43	0
452	43	0
470	43	0
471	43	0
170	44	0
171	44	0
194	44	0
195	44	0
234	44	0
273	44	0
452	44	0
471	44	0
472	44	0
473	44	0
170	45	0
195	45	0
196	45	0
234	45	0
235	45	0
273	45	0
452	45	0
473	45	0
110	46	0
111	46	0
112	46	0
113	46	0
114	46	0
115	46	0
116	46	0
117	46	0
118	46	0
169	46	0
170	46	0
196	46	0
235	46	0
273	46	0
452	46	0
473	46	0
474	46	0
109	47	0
110	47	0
118	47	0
119	47	0
120	47	0
121	47	0
169	47	0
196	47	0
197	47	0
235	47	0
236	47	0
273	47	0
452	47	0
474	47	0
475	47	0
107	48	0
108	48	0
109	48	0
121	48	0
122	48	0
169	48	0
197	48	0
236	48	0
273	48	0
452	48	0
475	48	0
476	48	0
106	49	0
107	49	0
122	49	0
123	49	0
169	49	0
170	49	0
197	49	0
236	49	0
237	49	0
273	49	0
274	49	0
452	49	0
476	49	0
105	50	0
106	50	0
123	50	0
124	50	0
170	50	0
197	50	0
198	50	0
237	50	0
274	50	0
452	50	0
476	50	0
105	51	0
124	51	0
170	51	0
198	51	0
237	51	0
238	51	0
274	51	0
452	51	0
476	51	0
477	51	0
104	52	0
105	52	0
124	52	0
125	52	0
170	52	0
198	52	0
238	52	0
274	52	0
275	52	0
358	52	0
359	52	0
360	52	0
361	52	0
362	52	0
363	52	0
364	52	0
452	52	0
453	52	0
477	52	0
478	52	0
104	53	0
125	53	0
126	53	0
170	53	0
198	53	0
199	53	0
238	53	0
239	53	0
275	53	0
353	53	0
354	53	0
355	53	0
356	53	0
357	53	0
358	53	0
364	53	0
365	53	0
453	53	0
478	53	0
104	54	0
126	54	0
170	54	0
199	54	0
239	54	0
240	54	0
275	54	0
352	54	0
353	54	0
365	54	0
366	54	0
367	54	0
453	54	0
454	54	0
478	54	0
479	54	0
103	55	0
104	55	0
126	55	0
169	55	0
170	55	0
199	55	0
240	55	0
241	55	0
274	55	0
275	55	0
351	55	0
352	55	0
367	55	0
368	55	0
369	55	0
454	55	0
455	55	0
479	55	0
103	56	0
126	56	0
169	56	0
199	56	0
200	56	0
241	56	0
242	56	0
274	56	0
349	56	0
350	56	0
351	56	0
369	56	0
370	56	0
371	56	0
455	56	0
456	56	0
479	56	0
103	57	0
126	57	0
169	57	0
200	57	0
242	57	0
243	57	0
273	57	0
274	57	0
348	57	0
349	57	0
371	57	0
372	57	0
373	57	0
456	57	0
457	57	0
479	57	0
480	57	0
103	58	0
126	58	0
169	58	0
200	58	0
201	58	0
243	58	0
244	58	0
273	58	0
347	58	0
348	58	0
373	58	0
374	58	0
457	58	0
458	58	0
480	58	0
103	59	0
126	59	0
169	59	0
201	59	0
202	59	0
244	59	0
245	59	0
272	59	0
273	59	0
346	59	0
347	59	0
374	59	0
375	59	0
458	59	0
459	59	0
480	59	0
481	59	0
103	60	0
126	60	0
169	60	0
202	60	0
245	60	0
246	60	0
270	60	0
271	60	0
272	60	0
345	60	0
346	60	0
375	60	0
376	60	0
459	60	0
460	60	0
481	60	0
482	60	0
103	61	0
126	61	0
169	61	0
170	61	0
202	61	0
246	61	0
247	61	0
248	61	0
269	61	0
270	61	0
345	61	0
376	61	0
460	61	0
461	61	0
482	61	0
483	61	0
103	62	0
126	62	0
170	62	0
202	62	0
203	62	0
248	62	0
249	62	0
250	62	0
268	62	0
269	62	0
345	62	0
376	62	0
377	62	0
461	62	0
462	62	0
483	62	0
103	63	0
125	63	0
126	63	0
170	63	0
171	63	0
203	63	0
250	63	0
251	63	0
252	63	0
253	63	0
266	63	0
267	63	0
268	63	0
345	63	0
377	63	0
462	63	0
463	63	0
464	63	0
482	63	0
483	63	0
103	64	0
125	64	0
171	64	0
203	64	0
253	64	0
254	64	0
255	64	0
256	64	0
257	64	0
258	64	0
259	64	0
260	64	0
261	64	0
262	64	0
263	64	0
264	64	0
265	64	0
266	64	0
345	64	0
377	64	0
378	64	0
464	64	0
465	64	0
482	64	0
103	65	0
124	65	0
125	65	0
171	65	0
172	65	0
203	65	0
255	65	0
256	65	0
259	65	0
260	65	0
345	65	0
378	65	0
465	65	0
466	65	0
467	65	0
481	65	0
482	65	0
540	65	0
541	65	0
542	65	0
543	65	0
103	66	0
124	66	0
172	66	0
203	66	0
204	66	0
345	66	0
378	66	0
379	66	0
467	66	0
468	66	0
481	66	0
536	66	0
537	66	0
538	66	0
539	66	0
540	66	0
543	66	0
544	66	0
545	66	0
546	66	0
103	67	0
123	67	0
124	67	0
172	67	0
204	67	0
345	67	0
379	67	0
468	67	0
469	67	0
480	67	0
481	67	0
535	67	0
536	67	0
546	67	0
547	67	0
548	67	0
549	67	0
103	68	0
104	68	0
123	68	0
172	68	0
173	68	0
204	68	0
345	68	0
346	68	0
379	68	0
469	68	0
470	68	0
479	68	0
480	68	0
534	68	0
535	68	0
549	68	0
550	68	0
104	69	0
122	69	0
123	69	0
173	69	0
204	69	0
346	69	0
379	69	0
470	69	0
471	69	0
472	69	0
473	69	0
477	69	0
478	69	0
479	69	0
534	69	0
550	69	0
551	69	0
104	70	0
105	70	0
122	70	0
173	70	0
174	70	0
204	70	0
346	70	0
379	70	0
473	70	0
474	70	0
475	70	0
476	70	0
477	70	0
534	70	0
551	70	0
552	70	0
105	71	0
120	71	0
121	71	0
122	71	0
174	71	0
204	71	0
346	71	0
379	71	0
533	71	0
534	71	0
552	71	0
105	72	0
106	72	0
117	72	0
118	72	0
119	72	0
120	72	0
174	72	0
175	72	0
204	72	0
346	72	0
379	72	0
533	72	0
552	72	0
553	72	0
106	73	0
107	73	0
108	73	0
114	73	0
115	73	0
116	73	0
117	73	0
175	73	0
204	73	0
346	73	0
379	73	0
532	73	0
533	73	0
553	73	0
108	74	0
109	74	0
110	74	0
111	74	0
112	74	0
113	74	0
114	74	0
175	74	0
176	74	0
204	74	0
346	74	0
379	74	0
532	74	0
553	74	0
176	75	0
204	75	0
346	75	0
379	75	0
532	75	0
553	75	0
554	75	0
176	76	0
177	76	0
204	76	0
346	76	0
379	76	0
532	76	0
533	76	0
554	76	0
177	77	0
204	77	0
346	77	0
379	77	0
533	77	0
554	77	0
177	78	0
178	78	0
203	78	0
204	78	0
346	78	0
379	78	0
533	78	0
554	78	0
178	79	0
179	79	0
203	79	0
346	79	0
379	79	0
533	79	0
534	79	0
554	79	0
555	79	0
179	80	0
203	80	0
346	80	0
347	80	0
379	80	0
534	80	0
555	80	0
121	81	0
122	81	0
123	81	0
124	81	0
125	81	0
126	81	0
127	81	0
128	81	0
129	81	0
179	81	0
180	81	0
203	81	0
347	81	0
378	81	0
379	81	0
534	81	0
535	81	0
555	81	0
117	82	0
118	82	0
119	82	0
120	82	0
121	82	0
129	82	0
130	82	0
131	82	0
180	82	0
203	82	0
347	82	0
378	82	0
535	82	0
536	82	0
555	82	0
115	83	0
116	83	0
117	83	0
131	83	0
132	83	0
133	83	0
180	83	0
181	83	0
182	83	0
202	83	0
203	83	0
347	83	0
348	83	0
377	83	0
378	83	0
536	83	0
554	83	0
555	83	0
13	84	0
14	84	0
15	84	0
16	84	0
17	84	0
18	84	0
19	84	0
20	84	0
21	84	0
22	84	0
23	84	0
114	84	0
115	84	0
133	84	0
134	84	0
135	84	0
182	84	0
183	84	0
201	84	0
202	84	0
348	84	0
349	84	0
377	84	0
536	84	0
537	84	0
554	84	0
11	85	0
12	85	0
13	85	0
23	85	0
24	85	0
25	85	0
112	85	0
113	85	0
114	85	0
135	85	0
183	85	0
184	85	0
200	85	0
201	85	0
349	85	0
350	85	0
376	85	0
377	85	0
537	85	0
554	85	0
10	86	0
11	86	0
25	86	0
26	86	0
27	86	0
28	86	0
111	86	0
112	86	0
135	86	0
136	86	0
184	86	0
185	86	0
198	86	0
199	86	0
200	86	0
350	86	0
351	86	0
376	86	0
537	86	0
538	86	0
554	86	0
9	87	0
10	87	0
28	87	0
29	87	0
110	87	0
111	87	0
136	87	0
137	87	0
185	87	0
186	87	0
195	87	0
196	87	0
197	87	0
198	87	0
351	87	0
352	87	0
375	87	0
376	87	0
538	87	0
539	87	0
553	87	0
554	87	0
9	88	0
29	88	0
110	88	0
137	88	0
138	88	0
186	88	0
187	88	0
188	88	0
189	88	0
190	88	0
191	88	0
192	88	0
193	88	0
194	88	0
195	88	0
352	88	0
353	88	0
354	88	0
355	88	0
371	88	0
372	88	0
373	88	0
374	88	0
375	88	0
539	88	0
540	88	0
552	88	0
553	88	0
8	89	0
9	89	0
29	89	0
30	89	0
109	89	0
110	89	0
138	89	0
355	89	0
356	89	0
357	89	0
358	89	0
359	89	0
360	89	0
361	89	0
362	89	0
366	89	0
367	89	0
368	89	0
369	89	0
370	89	0
371	89	0
540	89	0
541	89	0
542	89	0
550	89	0
551	89	0
552	89	0
8	90	0
30	90	0
31	90	0
109	90	0
138	90	0
139	90	0
362	90	0
363	90	0
364	90	0
365	90	0
366	90	0
542	90	0
543	90	0
549	90	0
550	90	0
7	91	0
8	91	0
31	91	0
108	91	0
109	91	0
139	91	0
140	91	0
364	91	0
365	91	0
543	91	0
544	91	0
545	91	0
547	91	0
548	91	0
549	91	0
7	92	0
31	92	0
32	92	0
107	92	0
108	92	0
140	92	0
545	92	0
546	92	0
547	92	0
6	93	0
7	93	0
32	93	0
107	93	0
140	93	0
141	93	0
6	94	0
32	94	0
106	94	0
107	94	0
141	94	0
6	95	0
32	95	0
33	95	0
105	95	0
106	95	0
141	95	0
6	96	0
33	96	0
105	96	0
141	96	0
142	96	0
6	97	0
33	97	0
105	97	0
142	97	0
6	98	0
33	98	0
105	98	0
142	98	0
436	98	0
437	98	0
438	98	0
439	98	0
440	98	0
6	99	0
33	99	0
34	99	0
105	99	0
142	99	0
431	99	0
432	99	0
433	99	0
434	99	0
435	99	0
436	99	0
440	99	0
441	99	0
442	99	0
6	100	0
34	100	0
105	100	0
142	100	0
428	100	0
429	100	0
430	100	0
431	100	0
442	100	0
443	100	0
444	100	0
445	100	0
446	100	0
447	100	0
6	101	0
34	101	0
35	101	0
105	101	0
142	101	0
426	101	0
427	101	0
428	101	0
447	101	0
448	101	0
449	101	0
450	101	0
6	102	0
35	102	0
105	102	0
142	102	0
425	102	0
426	102	0
450	102	0
451	102	0
452	102	0
453	102	0
454	102	0
6	103	0
7	103	0
35	103	0
36	103	0
105	103	0
142	103	0
143	103	0
424	103	0
425	103	0
454	103	0
455	103	0
456	103	0
7	104	0
36	104	0
105	104	0
143	104	0
424	104	0
456	104	0
457	104	0
458	104	0
7	105	0
8	105	0
36	105	0
37	105	0
105	105	0
143	105	0
423	105	0
424	105	0
458	105	0
459	105	0
8	106	0
37	106	0
105	106	0
143	106	0
423	106	0
459	106	0
460	106	0
461	106	0
8	107	0
9	107	0
37	107	0
105	107	0
142	107	0
143	107	0
422	107	0
423	107	0
461	107	0
462	107	0
9	108	0
37	108	0
105	108	0
142	108	0
422	108	0
462	108	0
463	108	0
464	108	0
9	109	0
10	109	0
37	109	0
105	109	0
106	109	0
142	109	0
422	109	0
464	109	0
10	110	0
11	110	0
37	110	0
106	110	0
142	110	0
422	110	0
464	110	0
465	110	0
11	111	0
37	111	0
106	111	0
142	111	0
421	111	0
422	111	0
465	111	0
466	111	0
11	112	0
12	112	0
13	112	0
37	112	0
106	112	0
142	112	0
421	112	0
466	112	0
467	112	0
13	113	0
14	113	0
15	113	0
36	113	0
37	113	0
106	113	0
142	113	0
421	113	0
422	113	0
467	113	0
468	113	0
15	114	0
16	114	0
34	114	0
35	114	0
36	114	0
106	114	0
107	114	0
141	114	0
142	114	0
422	114	0
468	114	0
469	114	0
16	115	0
17	115	0
18	115	0
19	115	0
33	115	0
34	115	0
107	115	0
141	115	0
422	115	0
469	115	0
470	115	0
19	116	0
20	116	0
21	116	0
32	116	0
33	116	0
107	116	0
108	116	0
140	116	0
141	116	0
421	116	0
422	116	0
470	116	0
21	117	0
22	117	0
31	117	0
32	117	0
108	117	0
139	117	0
140	117	0
421	117	0
470	117	0
471	117	0
22	118	0
23	118	0
27	118	0
28	118	0
29	118	0
30	118	0
31	118	0
108	118	0
109	118	0
138	118	0
139	118	0
421	118	0
471	118	0
23	119	0
24	119	0
25	119	0
26	119	0
27	119	0
109	119	0
110	119	0
137	119	0
138	119	0
421	119	0
471	119	0
472	119	0
110	120	0
111	120	0
136	120	0
137	120	0
421	120	0
472	120	0
473	120	0
111	121	0
112	121	0
136	121	0
421	121	0
473	121	0
112	122	0
113	122	0
135	122	0
136	122	0
421	122	0
473	122	0
113	123	0
114	123	0
132	123	0
133	123	0
134	123	0
135	123	0
421	123	0
473	123	0
114	124	0
115	124	0
130	124	0
131	124	0
132	124	0
421	124	0
473	124	0
474	124	0
115	125	0
116	125	0
128	125	0
129	125	0
130	125	0
421	125	0
474	125	0
475	125	0
116	126	0
117	126	0
118	126	0
119	126	0
120	126	0
124	126	0
125	126	0
126	126	0
127	126	0
128	126	0
294	126	0
295	126	0
298	126	0
299	126	0
421	126	0
422	126	0
475	126	0
32	127	0
33	127	0
34	127	0
35	127	0
36	127	0
37	127	0
120	127	0
121	127	0
122	127	0
123	127	0
124	127	0
286	127	0
287	127	0
288	127	0
289	127	0
290	127	0
293	127	0
294	127	0
295	127	0
296	127	0
297	127	0
298	127	0
299	127	0
300	127	0
301	127	0
302	127	0
303	127	0
304	127	0
422	127	0
475	127	0
30	128	0
31	128	0
32	128	0
37	128	0
285	128	0
286	128	0
290	128	0
291	128	0
292	128	0
293	128	0
304	128	0
305	128	0
306	128	0
307	128	0
308	128	0
309	128	0
310	128	0
311	128	0
312	128	0
313	128	0
422	128	0
423	128	0
475	128	0
476	128	0
28	129	0
29	129	0
30	129	0
36	129	0
37	129	0
284	129	0
285	129	0
313	129	0
314	129	0
315	129	0
423	129	0
476	129	0
27	130	0
28	130	0
36	130	0
283	130	0
284	130	0
315	130	0
316	130	0
423	130	0
476	130	0
27	131	0
35	131	0
36	131	0
40	131	0
41	131	0
42	131	0
43	131	0
44	131	0
282	131	0
283	131	0
316	131	0
423	131	0
476	131	0
27	132	0
34	132	0
35	132	0
39	132	0
40	132	0
44	132	0
282	132	0
316	132	0
317	132	0
423	132	0
476	132	0
27	133	0
33	133	0
34	133	0
38	133	0
39	133	0
44	133	0
282	133	0
317	133	0
318	133	0
423	133	0
476	133	0
27	134	0
33	134	0
37	134	0
38	134	0
44	134	0
45	134	0
281	134	0
282	134	0
318	134	0
319	134	0
423	134	0
424	134	0
476	134	0
27	135	0
28	135	0
32	135	0
33	135	0
37	135	0
45	135	0
281	135	0
319	135	0
320	135	0
424	135	0
476	135	0
28	136	0
31	136	0
32	136	0
37	136	0
45	136	0
46	136	0
281	136	0
320	136	0
424	136	0
425	136	0
476	136	0
28	137	0
31	137	0
36	137	0
37	137	0
46	137	0
281	137	0
320	137	0
321	137	0
425	137	0
426	137	0
476	137	0
28	138	0
29	138	0
30	138	0
31	138	0
36	138	0
46	138	0
281	138	0
321	138	0
322	138	0
426	138	0
476	138	0
29	139	0
30	139	0
36	139	0
46	139	0
281	139	0
322	139	0
323	139	0
399	139	0
400	139	0
401	139	0
402	139	0
403	139	0
404	139	0
426	139	0
475	139	0
476	139	0
36	140	0
46	140	0
281	140	0
323	140	0
398	140	0
399	140	0
404	140	0
405	140	0
406	140	0
426	140	0
475	140	0
35	141	0
36	141	0
46	141	0
281	141	0
282	141	0
323	141	0
398	141	0
406	141	0
407	141	0
426	141	0
475	141	0
35	142	0
46	142	0
282	142	0
283	142	0
323	142	0
397	142	0
398	142	0
407	142	0
408	142	0
426	142	0
475	142	0
35	143	0
46	143	0
283	143	0
323	143	0
324	143	0
397	143	0
408	143	0
409	143	0
426	143	0
427	143	0
475	143	0
35	144	0
36	144	0
37	144	0
46	144	0
164	144	0
165	144	0
166	144	0
167	144	0
283	144	0
284	144	0
324	144	0
397	144	0
409	144	0
410	144	0
427	144	0
475	144	0
37	145	0
38	145	0
45	145	0
46	145	0
160	145	0
161	145	0
162	145	0
163	145	0
164	145	0
167	145	0
168	145	0
169	145	0
170	145	0
284	145	0
324	145	0
397	145	0
410	145	0
411	145	0
427	145	0
428	145	0
475	145	0
38	146	0
39	146	0
44	146	0
45	146	0
159	146	0
160	146	0
170	146	0
284	146	0
285	146	0
324	146	0
397	146	0
411	146	0
412	146	0
428	146	0
474	146	0
475	146	0
39	147	0
40	147	0
41	147	0
42	147	0
43	147	0
44	147	0
158	147	0
159	147	0
170	147	0
171	147	0
285	147	0
324	147	0
397	147	0
412	147	0
428	147	0
429	147	0
474	147	0
157	148	0
158	148	0
171	148	0
172	148	0
285	148	0
324	148	0
397	148	0
412	148	0
413	148	0
429	148	0
430	148	0
473	148	0
474	148	0
156	149	0
157	149	0
172	149	0
173	149	0
285	149	0
286	149	0
324	149	0
397	149	0
413	149	0
430	149	0
431	149	0
473	149	0
154	150	0
155	150	0
156	150	0
173	150	0
174	150	0
175	150	0
286	150	0
324	150	0
325	150	0
397	150	0
413	150	0
414	150	0
431	150	0
432	150	0
473	150	0
151	151	0
152	151	0
153	151	0
154	151	0
175	151	0
176	151	0
286	151	0
287	151	0
325	151	0
397	151	0
414	151	0
415	151	0
432	151	0
433	151	0
434	151	0
470	151	0
471	151	0
472	151	0
473	151	0
149	152	0
150	152	0
151	152	0
176	152	0
177	152	0
178	152	0
287	152	0
325	152	0
397	152	0
415	152	0
416	152	0
434	152	0
435	152	0
469	152	0
470	152	0
148	153	0
149	153	0
178	153	0
179	153	0
287	153	0
288	153	0
324	153	0
325	153	0
397	153	0
416	153	0
417	153	0
435	153	0
436	153	0
468	153	0
469	153	0
147	154	0
148	154	0
179	154	0
180	154	0
181	154	0
288	154	0
324	154	0
397	154	0
417	154	0
436	154	0
437	154	0
467	154	0
468	154	0
146	155	0
147	155	0
181	155	0
182	155	0
288	155	0
289	155	0
324	155	0
397	155	0
398	155	0
417	155	0
418	155	0
437	155	0
438	155	0
466	155	0
467	155	0
146	156	0
182	156	0
289	156	0
290	156	0
324	156	0
398	156	0
418	156	0
419	156	0
438	156	0
439	156	0
440	156	0
441	156	0
464	156	0
465	156	0
466	156	0
145	157	0
146	157	0
182	157	0
183	157	0
290	157	0
291	157	0
323	157	0
324	157	0
398	157	0
419	157	0
441	157	0
442	157	0
462	157	0
463	157	0
464	157	0
145	158	0
183	158	0
291	158	0
292	158	0
323	158	0
398	158	0
419	158	0
420	158	0
442	158	0
443	158	0
444	158	0
461	158	0
462	158	0
145	159	0
183	159	0
184	159	0
292	159	0
293	159	0
322	159	0
323	159	0
398	159	0
420	159	0
421	159	0
444	159	0
445	159	0
459	159	0
460	159	0
461	159	0
145	160	0
184	160	0
293	160	0
294	160	0
295	160	0
320	160	0
321	160	0
322	160	0
398	160	0
421	160	0
445	160	0
446	160	0
447	160	0
448	160	0
456	160	0
457	160	0
458	160	0
459	160	0
145	161	0
184	161	0
295	161	0
296	161	0
297	161	0
313	161	0
314	161	0
315	161	0
316	161	0
317	161	0
318	161	0
319	161	0
320	161	0
398	161	0
421	161	0
422	161	0
448	161	0
449	161	0
450	161	0
454	161	0
455	161	0
456	161	0
145	162	0
184	162	0
297	162	0
298	162	0
299	162	0
302	162	0
303	162	0
304	162	0
305	162	0
306	162	0
307	162	0
308	162	0
309	162	0
310	162	0
311	162	0
312	162	0
313	162	0
398	162	0
422	162	0
423	162	0
450	162	0
451	162	0
452	162	0
453	162	0
454	162	0
145	163	0
184	163	0
299	163	0
300	163	0
301	163	0
302	163	0
398	163	0
399	163	0
423	163	0
144	164	0
145	164	0
184	164	0
399	164	0
423	164	0
424	164	0
144	165	0
184	165	0
185	165	0
399	165	0
400	165	0
424	165	0
144	166	0
185	166	0
246	166	0
247	166	0
248	166	0
249	166	0
250	166	0
400	166	0
424	166	0
144	167	0
185	167	0
243	167	0
244	167	0
245	167	0
246	167	0
250	167	0
251	167	0
252	167	0
319	167	0
320	167	0
321	167	0
400	167	0
401	167	0
424	167	0
144	168	0
185	168	0
241	168	0
242	168	0
243	168	0
252	168	0
253	168	0
254	168	0
309	168	0
310	168	0
311	168	0
312	168	0
313	168	0
314	168	0
315	168	0
316	168	0
317	168	0
318	168	0
319	168	0
321	168	0
322	168	0
401	168	0
402	168	0
424	168	0
425	168	0
143	169	0
144	169	0
185	169	0
186	169	0
239	169	0
240	169	0
241	169	0
254	169	0
255	169	0
256	169	0
273	169	0
274	169	0
275	169	0
276	169	0
277	169	0
305	169	0
306	169	0
307	169	0
308	169	0
309	169	0
322	169	0
402	169	0
403	169	0
425	169	0
143	170	0
186	170	0
238	170	0
239	170	0
256	170	0
257	170	0
258	170	0
273	170	0
277	170	0
278	170	0
305	170	0
306	170	0
307	170	0
321	170	0
322	170	0
403	170	0
404	170	0
424	170	0
425	170	0
143	171	0
186	171	0
187	171	0
237	171	0
238	171	0
258	171	0
259	171	0
273	171	0
278	171	0
279	171	0
307	171	0
308	171	0
309	171	0
321	171	0
404	171	0
424	171	0
143	172	0
187	172	0
236	172	0
237	172	0
259	172	0
260	172	0
261	172	0
273	172	0
279	172	0
280	172	0
281	172	0
282	172	0
309	172	0
310	172	0
311	172	0
318	172	0
319	172	0
320	172	0
321	172	0
404	172	0
405	172	0
406	172	0
422	172	0
423	172	0
424	172	0
143	173	0
187	173	0
235	173	0
236	173	0
261	173	0
262	173	0
273	173	0
274	173	0
282	173	0
283	173	0
311	173	0
312	173	0
313	173	0
314	173	0
315	173	0
316	173	0
317	173	0
318	173	0
406	173	0
407	173	0
408	173	0
409	173	0
410	173	0
421	173	0
422	173	0
143	174	0
187	174	0
235	174	0
262	174	0
263	174	0
274	174	0
283	174	0
284	174	0
301	174	0
302	174	0
303	174	0
410	174	0
411	174	0
412	174	0
413	174	0
419	174	0
420	174	0
421	174	0
143	175	0
144	175	0
187	175	0
234	175	0
235	175	0
263	175	0
264	175	0
274	175	0
284	175	0
301	175	0
303	175	0
304	175	0
305	175	0
413	175	0
414	175	0
415	175	0
416	175	0
417	175	0
418	175	0
419	175	0
144	176	0
187	176	0
234	176	0
264	176	0
265	176	0
274	176	0
275	176	0
284	176	0
301	176	0
302	176	0
305	176	0
306	176	0
307	176	0
144	177	0
187	177	0
234	177	0
265	177	0
266	177	0
275	177	0
284	177	0
302	177	0
303	177	0
307	177	0
308	177	0
309	177	0
144	178	0
145	178	0
187	178	0
234	178	0
266	178	0
267	178	0
275	178	0
276	178	0
284	178	0
285	178	0
303	178	0
304	178	0
305	178	0
309	178	0
145	179	0
186	179	0
187	179	0
234	179	0
267	179	0
268	179	0
276	179	0
285	179	0
305	179	0
306	179	0
307	179	0
308	179	0
309	179	0
145	180	0
186	180	0
233	180	0
234	180	0
268	180	0
276	180	0
277	180	0
285	180	0
70	181	0
71	181	0
72	181	0
73	181	0
145	181	0
186	181	0
233	181	0
268	181	0
269	181	0
277	181	0
278	181	0
285	181	0
65	182	0
66	182	0
67	182	0
68	182	0
69	182	0
70	182	0
73	182	0
145	182	0
146	182	0
186	182	0
233	182	0
269	182	0
278	182	0
285	182	0
286	182	0
64	183	0
65	183	0
73	183	0
74	183	0
146	183	0
186	183	0
233	183	0
269	183	0
270	183	0
278	183	0
286	183	0
64	184	0
74	184	0
146	184	0
186	184	0
232	184	0
233	184	0
270	184	0
278	184	0
279	184	0
286	184	0
64	185	0
74	185	0
75	185	0
146	185	0
147	185	0
186	185	0
232	185	0
270	185	0
271	185	0
279	185	0
286	185	0
64	186	0
75	186	0
147	186	0
186	186	0
232	186	0
271	186	0
279	186	0
280	186	0
286	186	0
64	187	0
75	187	0
147	187	0
148	187	0
186	187	0
231	187	0
232	187	0
271	187	0
272	187	0
280	187	0
286	187	0
287	187	0
64	188	0
75	188	0
148	188	0
149	188	0
185	188	0
186	188	0
231	188	0
272	188	0
280	188	0
281	188	0
287	188	0
288	188	0
64	189	0
75	189	0
149	189	0
150	189	0
185	189	0
230	189	0
231	189	0
272	189	0
273	189	0
281	189	0
288	189	0
64	190	0
75	190	0
150	190	0
151	190	0
184	190	0
185	190	0
230	190	0
273	190	0
281	190	0
282	190	0
288	190	0
64	191	0
65	191	0
75	191	0
151	191	0
183	191	0
184	191	0
230	191	0
273	191	0
274	191	0
282	191	0
283	191	0
287	191	0
288	191	0
65	192	0
75	192	0
151	192	0
152	192	0
182	192	0
183	192	0
230	192	0
274	192	0
283	192	0
287	192	0
65	193	0
75	193	0
152	193	0
153	193	0
182	193	0
230	193	0
274	193	0
275	193	0
283	193	0
287	193	0
65	194	0
75	194	0
153	194	0
154	194	0
181	194	0
182	194	0
230	194	0
275	194	0
283	194	0
284	194	0
286	194	0
287	194	0
65	195	0
66	195	0
75	195	0
154	195	0
155	195	0
178	195	0
179	195	0
180	195	0
181	195	0
230	195	0
275	195	0
284	195	0
285	195	0
286	195	0
66	196	0
67	196	0
74	196	0
75	196	0
155	196	0
156	196	0
176	196	0
177	196	0
178	196	0
230	196	0
275	196	0
67	197	0
68	197	0
69	197	0
74	197	0
156	197	0
157	197	0
174	197	0
175	197	0
176	197	0
230	197	0
274	197	0
275	197	0
69	198	0
70	198	0
71	198	0
72	198	0
73	198	0
74	198	0
157	198	0
158	198	0
172	198	0
173	198	0
174	198	0
230	198	0
274	198	0
158	199	0
159	199	0
160	199	0
161	199	0
162	199	0
163	199	0
164	199	0
165	199	0
166	199	0
167	199	0
168	199	0
169	199	0
170	199	0
171	199	0
172	199	0
230	199	0
274	199	0
275	199	0
535	199	0
536	199	0
537	199	0
538	199	0
539	199	0
540	199	0
541	199	0
542	199	0
543	199	0
230	200	0
275	200	0
276	200	0
533	200	0
534	200	0
535	200	0
543	200	0
544	200	0
545	200	0
230	201	0
276	201	0
277	201	0
531	201	0
532	201	0
533	201	0
545	201	0
546	201	0
547	201	0
548	201	0
44	202	0
45	202	0
46	202	0
47	202	0
48	202	0
230	202	0
231	202	0
277	202	0
529	202	0
530	202	0
531	202	0
548	202	0
549	202	0
550	202	0
43	203	0
44	203	0
48	203	0
49	203	0
50	203	0
51	203	0
52	203	0
53	203	0
231	203	0
277	203	0
528	203	0
529	203	0
550	203	0
551	203	0
42	204	0
43	204	0
53	204	0
54	204	0
55	204	0
231	204	0
277	204	0
527	204	0
528	204	0
551	204	0
552	204	0
553	204	0
35	205	0
36	205	0
41	205	0
42	205	0
55	205	0
56	205	0
231	205	0
277	205	0
278	205	0
526	205	0
527	205	0
553	205	0
554	205	0
34	206	0
35	206	0
36	206	0
41	206	0
42	206	0
56	206	0
57	206	0
231	206	0
278	206	0
525	206	0
526	206	0
554	206	0
555	206	0
34	207	0
36	207	0
42	207	0
57	207	0
58	207	0
231	207	0
232	207	0
278	207	0
524	207	0
525	207	0
555	207	0
556	207	0
557	207	0
33	208	0
34	208	0
36	208	0
42	208	0
58	208	0
59	208	0
232	208	0
278	208	0
524	208	0
557	208	0
558	208	0
33	209	0
36	209	0
42	209	0
59	209	0
232	209	0
233	209	0
278	209	0
523	209	0
524	209	0
558	209	0
559	209	0
33	210	0
36	210	0
42	210	0
59	210	0
233	210	0
278	210	0
523	210	0
559	210	0
560	210	0
32	211	0
33	211	0
36	211	0
42	211	0
59	211	0
60	211	0
233	211	0
234	211	0
278	211	0
523	211	0
560	211	0
561	211	0
32	212	0
36	212	0
42	212	0
60	212	0
234	212	0
278	212	0
523	212	0
561	212	0
562	212	0
32	213	0
36	213	0
42	213	0
43	213	0
60	213	0
61	213	0
234	213	0
277	213	0
278	213	0
522	213	0
523	213	0
562	213	0
563	213	0
32	214	0
36	214	0
37	214	0
43	214	0
61	214	0
234	214	0
235	214	0
276	214	0
277	214	0
522	214	0
563	214	0
564	214	0
32	215	0
37	215	0
43	215	0
61	215	0
235	215	0
276	215	0
522	215	0
564	215	0
565	215	0
32	216	0
33	216	0
37	216	0
43	216	0
61	216	0
235	216	0
276	216	0
522	216	0
565	216	0
566	216	0
33	217	0
37	217	0
43	217	0
61	217	0
235	217	0
236	217	0
276	217	0
521	217	0
522	217	0
566	217	0
567	217	0
33	218	0
34	218	0
37	218	0
43	218	0
61	218	0
236	218	0
237	218	0
276	218	0
521	218	0
567	218	0
34	219	0
37	219	0
43	219	0
44	219	0
61	219	0
237	219	0
238	219	0
276	219	0
521	219	0
567	219	0
568	219	0
34	220	0
35	220	0
36	220	0
37	220	0
43	220	0
44	220	0
61	220	0
238	220	0
239	220	0
276	220	0
277	220	0
521	220	0
568	220	0
569	220	0
35	221	0
36	221	0
43	221	0
44	221	0
61	221	0
239	221	0
277	221	0
521	221	0
569	221	0
35	222	0
36	222	0
37	222	0
44	222	0
61	222	0
239	222	0
240	222	0
276	222	0
277	222	0
521	222	0
569	222	0
570	222	0
36	223	0
37	223	0
44	223	0
61	223	0
240	223	0
241	223	0
276	223	0
520	223	0
521	223	0
570	223	0
571	223	0
44	224	0
45	224	0
60	224	0
61	224	0
241	224	0
242	224	0
275	224	0
276	224	0
520	224	0
571	224	0
45	225	0
60	225	0
242	225	0
274	225	0
275	225	0
463	225	0
464	225	0
465	225	0
466	225	0
467	225	0
520	225	0
571	225	0
572	225	0
45	226	0
46	226	0
59	226	0
60	226	0
242	226	0
243	226	0
273	226	0
274	226	0
455	226	0
456	226	0
457	226	0
458	226	0
459	226	0
460	226	0
461	226	0
462	226	0
463	226	0
467	226	0
468	226	0
469	226	0
470	226	0
471	226	0
472	226	0
473	226	0
474	226	0
475	226	0
520	226	0
572	226	0
573	226	0
46	227	0
47	227	0
58	227	0
59	227	0
243	227	0
244	227	0
272	227	0
273	227	0
452	227	0
453	227	0
454	227	0
455	227	0
475	227	0
476	227	0
477	227	0
478	227	0
520	227	0
573	227	0
47	228	0
48	228	0
56	228	0
57	228	0
58	228	0
244	228	0
245	228	0
272	228	0
450	228	0
451	228	0
452	228	0
478	228	0
479	228	0
520	228	0
573	228	0
574	228	0
48	229	0
49	229	0
50	229	0
51	229	0
52	229	0
53	229	0
54	229	0
55	229	0
56	229	0
245	229	0
246	229	0
271	229	0
272	229	0
449	229	0
450	229	0
479	229	0
480	229	0
481	229	0
520	229	0
574	229	0
575	229	0
246	230	0
247	230	0
271	230	0
446	230	0
447	230	0
448	230	0
449	230	0
481	230	0
482	230	0
520	230	0
575	230	0
247	231	0
248	231	0
270	231	0
271	231	0
445	231	0
446	231	0
482	231	0
483	231	0
520	231	0
575	231	0
576	231	0
248	232	0
249	232	0
269	232	0
270	232	0
444	232	0
445	232	0
483	232	0
484	232	0
485	232	0
520	232	0
576	232	0
249	233	0
250	233	0
251	233	0
269	233	0
443	233	0
444	233	0
485	233	0
486	233	0
487	233	0
520	233	0
521	233	0
576	233	0
577	233	0
251	234	0
252	234	0
268	234	0
269	234	0
442	234	0
443	234	0
487	234	0
488	234	0
521	234	0
577	234	0
252	235	0
253	235	0
267	235	0
268	235	0
441	235	0
442	235	0
488	235	0
489	235	0
521	235	0
577	235	0
578	235	0
253	236	0
254	236	0
266	236	0
267	236	0
441	236	0
489	236	0
490	236	0
521	236	0
578	236	0
254	237	0
255	237	0
256	237	0
263	237	0
264	237	0
265	237	0
266	237	0
440	237	0
441	237	0
490	237	0
491	237	0
521	237	0
578	237	0
579	237	0
256	238	0
257	238	0
258	238	0
259	238	0
261	238	0
262	238	0
263	238	0
439	238	0
440	238	0
491	238	0
492	238	0
521	238	0
579	238	0
259	239	0
260	239	0
261	239	0
438	239	0
439	239	0
492	239	0
521	239	0
579	239	0
437	240	0
438	240	0
492	240	0
493	240	0
521	240	0
522	240	0
579	240	0
580	240	0
436	241	0
437	241	0
493	241	0
494	241	0
522	241	0
580	241	0
435	242	0
436	242	0
494	242	0
495	242	0
522	242	0
580	242	0
435	243	0
495	243	0
496	243	0
522	243	0
580	243	0
434	244	0
435	244	0
496	244	0
522	244	0
580	244	0
581	244	0
434	245	0
496	245	0
497	245	0
522	245	0
581	245	0
433	246	0
434	246	0
497	246	0
522	246	0
581	246	0
433	247	0
497	247	0
498	247	0
522	247	0
581	247	0
582	247	0
433	248	0
498	248	0
499	248	0
522	248	0
523	248	0
582	248	0
433	249	0
499	249	0
523	249	0
582	249	0
583	249	0
432	250	0
433	250	0
499	250	0
500	250	0
523	250	0
583	250	0
178	251	0
179	251	0
180	251	0
181	251	0
432	251	0
500	251	0
501	251	0
523	251	0
583	251	0
173	252	0
174	252	0
175	252	0
176	252	0
177	252	0
178	252	0
181	252	0
182	252	0
183	252	0
184	252	0
185	252	0
432	252	0
501	252	0
502	252	0
523	252	0
524	252	0
583	252	0
170	253	0
171	253	0
172	253	0
173	253	0
185	253	0
186	253	0
187	253	0
188	253	0
432	253	0
502	253	0
524	253	0
583	253	0
584	253	0
167	254	0
168	254	0
169	254	0
170	254	0
188	254	0
189	254	0
190	254	0
191	254	0
432	254	0
502	254	0
524	254	0
525	254	0
584	254	0
164	255	0
165	255	0
166	255	0
167	255	0
191	255	0
192	255	0
193	255	0
432	255	0
502	255	0
503	255	0
525	255	0
584	255	0
163	256	0
164	256	0
193	256	0
194	256	0
195	256	0
196	256	0
432	256	0
503	256	0
504	256	0
525	256	0
526	256	0
584	256	0
162	257	0
163	257	0
196	257	0
197	257	0
198	257	0
431	257	0
432	257	0
504	257	0
526	257	0
584	257	0
160	258	0
161	258	0
162	258	0
198	258	0
199	258	0
200	258	0
431	258	0
504	258	0
505	258	0
526	258	0
527	258	0
583	258	0
584	258	0
159	259	0
160	259	0
200	259	0
201	259	0
431	259	0
432	259	0
505	259	0
527	259	0
583	259	0
44	260	0
45	260	0
46	260	0
47	260	0
48	260	0
49	260	0
50	260	0
51	260	0
52	260	0
53	260	0
158	260	0
159	260	0
201	260	0
202	260	0
203	260	0
432	260	0
505	260	0
506	260	0
527	260	0
528	260	0
583	260	0
44	261	0
53	261	0
158	261	0
203	261	0
204	261	0
432	261	0
433	261	0
506	261	0
528	261	0
529	261	0
583	261	0
43	262	0
44	262	0
53	262	0
54	262	0
157	262	0
158	262	0
204	262	0
205	262	0
433	262	0
506	262	0
507	262	0
529	262	0
530	262	0
583	262	0
43	263	0
54	263	0
55	263	0
157	263	0
205	263	0
206	263	0
433	263	0
507	263	0
530	263	0
531	263	0
583	263	0
43	264	0
55	264	0
56	264	0
57	264	0
156	264	0
157	264	0
206	264	0
433	264	0
434	264	0
507	264	0
508	264	0
531	264	0
532	264	0
533	264	0
582	264	0
583	264	0
43	265	0
57	265	0
156	265	0
206	265	0
207	265	0
434	265	0
508	265	0
533	265	0
534	265	0
581	265	0
582	265	0
43	266	0
57	266	0
58	266	0
155	266	0
156	266	0
207	266	0
208	266	0
434	266	0
508	266	0
534	266	0
535	266	0
581	266	0
42	267	0
43	267	0
58	267	0
155	267	0
208	267	0
434	267	0
435	267	0
508	267	0
509	267	0
535	267	0
536	267	0
580	267	0
581	267	0
42	268	0
58	268	0
155	268	0
208	268	0
209	268	0
435	268	0
509	268	0
536	268	0
537	268	0
538	268	0
579	268	0
580	268	0
42	269	0
43	269	0
58	269	0
59	269	0
154	269	0
155	269	0
209	269	0
361	269	0
362	269	0
363	269	0
364	269	0
365	269	0
366	269	0
367	269	0
368	269	0
369	269	0
370	269	0
435	269	0
509	269	0
538	269	0
539	269	0
577	269	0
578	269	0
579	269	0
43	270	0
59	270	0
154	270	0
209	270	0
210	270	0
359	270	0
360	270	0
361	270	0
370	270	0
371	270	0
372	270	0
373	270	0
374	270	0
375	270	0
435	270	0
436	270	0
509	270	0
510	270	0
539	270	0
540	270	0
541	270	0
575	270	0
576	270	0
577	270	0
43	271	0
44	271	0
59	271	0
154	271	0
210	271	0
357	271	0
358	271	0
359	271	0
375	271	0
376	271	0
436	271	0
510	271	0
541	271	0
542	271	0
574	271	0
575	271	0
44	272	0
59	272	0
153	272	0
154	272	0
210	272	0
211	272	0
356	272	0
357	272	0
376	272	0
377	272	0
378	272	0
379	272	0
436	272	0
510	272	0
542	272	0
543	272	0
544	272	0
574	272	0
44	273	0
59	273	0
153	273	0
211	273	0
354	273	0
355	273	0
356	273	0
379	273	0
380	273	0
381	273	0
436	273	0
437	273	0
510	273	0
544	273	0
545	273	0
546	273	0
573	273	0
574	273	0
44	274	0
45	274	0
59	274	0
152	274	0
153	274	0
211	274	0
353	274	0
354	274	0
381	274	0
382	274	0
437	274	0
510	274	0
511	274	0
546	274	0
547	274	0
572	274	0
573	274	0
45	275	0
58	275	0
59	275	0
152	275	0
211	275	0
352	275	0
353	275	0
382	275	0
383	275	0
384	275	0
437	275	0
511	275	0
547	275	0
548	275	0
549	275	0
550	275	0
551	275	0
570	275	0
571	275	0
572	275	0
45	276	0
46	276	0
49	276	0
50	276	0
51	276	0
58	276	0
151	276	0
152	276	0
211	276	0
212	276	0
352	276	0
384	276	0
437	276	0
438	276	0
511	276	0
551	276	0
552	276	0
553	276	0
554	276	0
555	276	0
556	276	0
569	276	0
570	276	0
46	277	0
47	277	0
48	277	0
49	277	0
51	277	0
52	277	0
53	277	0
54	277	0
55	277	0
56	277	0
57	277	0
58	277	0
151	277	0
212	277	0
351	277	0
352	277	0
384	277	0
385	277	0
438	277	0
511	277	0
556	277	0
557	277	0
558	277	0
559	277	0
560	277	0
561	277	0
562	277	0
563	277	0
564	277	0
565	277	0
566	277	0
567	277	0
568	277	0
569	277	0
151	278	0
212	278	0
351	278	0
385	278	0
386	278	0
438	278	0
439	278	0
511	278	0
150	279	0
151	279	0
212	279	0
351	279	0
386	279	0
387	279	0
439	279	0
511	279	0
150	280	0
212	280	0
350	280	0
351	280	0
387	280	0
388	280	0
439	280	0
440	280	0
511	280	0
150	281	0
212	281	0
350	281	0
388	281	0
440	281	0
511	281	0
150	282	0
212	282	0
213	282	0
350	282	0
388	282	0
389	282	0
440	282	0
441	282	0
511	282	0
150	283	0
213	283	0
350	283	0
389	283	0
390	283	0
441	283	0
442	283	0
511	283	0
512	283	0
150	284	0
213	284	0
349	284	0
350	284	0
390	284	0
442	284	0
512	284	0
150	285	0
213	285	0
349	285	0
390	285	0
442	285	0
443	285	0
512	285	0
150	286	0
213	286	0
348	286	0
349	286	0
390	286	0
443	286	0
512	286	0
150	287	0
213	287	0
348	287	0
390	287	0
391	287	0
443	287	0
511	287	0
512	287	0
150	288	0
213	288	0
348	288	0
391	288	0
443	288	0
444	288	0
511	288	0
150	289	0
213	289	0
348	289	0
349	289	0
391	289	0
392	289	0
444	289	0
445	289	0
511	289	0
150	290	0
213	290	0
214	290	0
349	290	0
392	290	0
445	290	0
510	290	0
511	290	0
53	291	0
54	291	0
55	291	0
56	291	0
57	291	0
58	291	0
59	291	0
60	291	0
61	291	0
150	291	0
214	291	0
349	291	0
392	291	0
445	291	0
446	291	0
510	291	0
52	292	0
53	292	0
61	292	0
62	292	0
150	292	0
214	292	0
349	292	0
392	292	0
446	292	0
509	292	0
510	292	0
50	293	0
51	293	0
52	293	0
62	293	0
63	293	0
150	293	0
151	293	0
214	293	0
349	293	0
350	293	0
392	293	0
446	293	0
447	293	0
509	293	0
48	294	0
49	294	0
50	294	0
63	294	0
64	294	0
151	294	0
214	294	0
350	294	0
392	294	0
393	294	0
447	294	0
508	294	0
509	294	0
47	295	0
48	295	0
64	295	0
151	295	0
214	295	0
350	295	0
393	295	0
447	295	0
448	295	0
508	295	0
47	296	0
64	296	0
151	296	0
213	296	0
214	296	0
350	296	0
392	296	0
393	296	0
448	296	0
449	296	0
507	296	0
508	296	0
47	297	0
64	297	0
65	297	0
151	297	0
213	297	0
350	297	0
392	297	0
449	297	0
506	297	0
507	297	0
47	298	0
65	298	0
151	298	0
152	298	0
213	298	0
350	298	0
351	298	0
352	298	0
392	298	0
449	298	0
450	298	0
506	298	0
46	299	0
47	299	0
65	299	0
152	299	0
213	299	0
352	299	0
353	299	0
392	299	0
450	299	0
451	299	0
505	299	0
506	299	0
46	300	0
65	300	0
152	300	0
153	300	0
213	300	0
353	300	0
354	300	0
392	300	0
451	300	0
452	300	0
505	300	0
46	301	0
65	301	0
153	301	0
213	301	0
354	301	0
355	301	0
387	301	0
388	301	0
389	301	0
390	301	0
391	301	0
392	301	0
452	301	0
453	301	0
504	301	0
505	301	0
46	302	0
65	302	0
66	302	0
153	302	0
154	302	0
212	302	0
213	302	0
355	302	0
380	302	0
381	302	0
382	302	0
383	302	0
384	302	0
385	302	0
386	302	0
387	302	0
453	302	0
454	302	0
504	302	0
46	303	0
66	303	0
154	303	0
155	303	0
212	303	0
355	303	0
356	303	0
375	303	0
376	303	0
377	303	0
378	303	0
379	303	0
380	303	0
454	303	0
503	303	0
504	303	0
46	304	0
66	304	0
155	304	0
212	304	0
356	304	0
357	304	0
368	304	0
369	304	0
370	304	0
371	304	0
372	304	0
373	304	0
374	304	0
375	304	0
454	304	0
455	304	0
501	304	0
502	304	0
503	304	0
46	305	0
65	305	0
66	305	0
155	305	0
156	305	0
212	305	0
357	305	0
358	305	0
365	305	0
366	305	0
367	305	0
368	305	0
455	305	0
456	305	0
500	305	0
501	305	0
46	306	0
65	306	0
156	306	0
212	306	0
358	306	0
359	306	0
360	306	0
361	306	0
362	306	0
363	306	0
364	306	0
365	306	0
456	306	0
457	306	0
499	306	0
500	306	0
46	307	0
65	307	0
156	307	0
211	307	0
212	307	0
457	307	0
458	307	0
498	307	0
499	307	0
46	308	0
65	308	0
156	308	0
157	308	0
211	308	0
387	308	0
388	308	0
389	308	0
390	308	0
391	308	0
392	308	0
393	308	0
458	308	0
459	308	0
496	308	0
497	308	0
498	308	0
46	309	0
47	309	0
65	309	0
157	309	0
158	309	0
211	309	0
381	309	0
382	309	0
383	309	0
384	309	0
385	309	0
386	309	0
387	309	0
393	309	0
459	309	0
460	309	0
461	309	0
494	309	0
495	309	0
496	309	0
47	310	0
65	310	0
158	310	0
159	310	0
210	310	0
211	310	0
376	310	0
377	310	0
378	310	0
379	310	0
380	310	0
381	310	0
393	310	0
461	310	0
462	310	0
493	310	0
494	310	0
47	311	0
48	311	0
64	311	0
65	311	0
159	311	0
160	311	0
210	311	0
371	311	0
372	311	0
373	311	0
374	311	0
375	311	0
376	311	0
393	311	0
462	311	0
463	311	0
492	311	0
493	311	0
48	312	0
64	312	0
160	312	0
161	312	0
209	312	0
210	312	0
311	312	0
312	312	0
313	312	0
314	312	0
315	312	0
316	312	0
317	312	0
318	312	0
365	312	0
366	312	0
367	312	0
368	312	0
369	312	0
370	312	0
371	312	0
393	312	0
463	312	0
464	312	0
465	312	0
466	312	0
467	312	0
468	312	0
485	312	0
486	312	0
487	312	0
489	312	0
490	312	0
491	312	0
492	312	0
48	313	0
64	313	0
91	313	0
92	313	0
93	313	0
94	313	0
95	313	0
96	313	0
97	313	0
98	313	0
99	313	0
100	313	0
101	313	0
102	313	0
161	313	0
208	313	0
209	313	0
309	313	0
310	313	0
311	313	0
318	313	0
319	313	0
320	313	0
321	313	0
364	313	0
365	313	0
393	313	0
468	313	0
469	313	0
470	313	0
471	313	0
484	313	0
485	313	0
487	313	0
488	313	0
489	313	0
48	314	0
63	314	0
64	314	0
88	314	0
89	314	0
90	314	0
91	314	0
102	314	0
103	314	0
104	314	0
105	314	0
161	314	0
162	314	0
207	314	0
208	314	0
308	314	0
309	314	0
321	314	0
322	314	0
323	314	0
364	314	0
365	314	0
393	314	0
471	314	0
472	314	0
473	314	0
474	314	0
475	314	0
480	314	0
481	314	0
482	314	0
483	314	0
484	314	0
48	315	0
49	315	0
63	315	0
86	315	0
87	315	0
88	315	0
105	315	0
106	315	0
162	315	0
163	315	0
207	315	0
307	315	0
308	315	0
323	315	0
324	315	0
365	315	0
366	315	0
393	315	0
475	315	0
476	315	0
477	315	0
478	315	0
479	315	0
480	315	0
49	316	0
50	316	0
62	316	0
63	316	0
85	316	0
86	316	0
106	316	0
107	316	0
108	316	0
163	316	0
164	316	0
205	316	0
206	316	0
207	316	0
305	316	0
306	316	0
307	316	0
324	316	0
325	316	0
326	316	0
366	316	0
393	316	0
50	317	0
51	317	0
62	317	0
84	317	0
85	317	0
108	317	0
109	317	0
164	317	0
165	317	0
204	317	0
205	317	0
304	317	0
305	317	0
326	317	0
327	317	0
366	317	0
367	317	0
392	317	0
393	317	0
51	318	0
52	318	0
61	318	0
62	318	0
83	318	0
84	318	0
109	318	0
110	318	0
165	318	0
166	318	0
200	318	0
201	318	0
202	318	0
203	318	0
204	318	0
302	318	0
303	318	0
304	318	0
327	318	0
328	318	0
367	318	0
368	318	0
391	318	0
392	318	0
52	319	0
53	319	0
54	319	0
55	319	0
56	319	0
57	319	0
59	319	0
60	319	0
61	319	0
82	319	0
83	319	0
110	319	0
111	319	0
166	319	0
167	319	0
199	319	0
200	319	0
301	319	0
302	319	0
328	319	0
329	319	0
368	319	0
389	319	0
390	319	0
391	319	0
57	320	0
58	320	0
59	320	0
81	320	0
82	320	0
111	320	0
112	320	0
167	320	0
168	320	0
197	320	0
198	320	0
199	320	0
301	320	0
329	320	0
330	320	0
368	320	0
369	320	0
385	320	0
386	320	0
387	320	0
388	320	0
389	320	0
81	321	0
112	321	0
113	321	0
168	321	0
169	321	0
195	321	0
196	321	0
197	321	0
300	321	0
301	321	0
330	321	0
331	321	0
369	321	0
370	321	0
383	321	0
384	321	0
385	321	0
80	322	0
81	322	0
113	322	0
114	322	0
169	322	0
170	322	0
171	322	0
192	322	0
193	322	0
194	322	0
195	322	0
300	322	0
331	322	0
332	322	0
370	322	0
371	322	0
372	322	0
373	322	0
380	322	0
381	322	0
382	322	0
383	322	0
80	323	0
114	323	0
115	323	0
171	323	0
172	323	0
189	323	0
190	323	0
191	323	0
192	323	0
299	323	0
300	323	0
332	323	0
333	323	0
373	323	0
374	323	0
375	323	0
377	323	0
378	323	0
379	323	0
380	323	0
79	324	0
80	324	0
115	324	0
116	324	0
172	324	0
173	324	0
186	324	0
187	324	0
188	324	0
189	324	0
299	324	0
333	324	0
375	324	0
376	324	0
377	324	0
79	325	0
116	325	0
117	325	0
173	325	0
174	325	0
175	325	0
183	325	0
184	325	0
185	325	0
186	325	0
299	325	0
333	325	0
334	325	0
79	326	0
117	326	0
175	326	0
176	326	0
177	326	0
178	326	0
179	326	0
180	326	0
181	326	0
182	326	0
183	326	0
298	326	0
299	326	0
334	326	0
78	327	0
79	327	0
117	327	0
118	327	0
298	327	0
334	327	0
335	327	0
78	328	0
118	328	0
119	328	0
200	328	0
201	328	0
202	328	0
203	328	0
204	328	0
205	328	0
298	328	0
335	328	0
336	328	0
78	329	0
119	329	0
120	329	0
197	329	0
198	329	0
199	329	0
200	329	0
205	329	0
297	329	0
298	329	0
336	329	0
337	329	0
77	330	0
78	330	0
120	330	0
121	330	0
195	330	0
196	330	0
197	330	0
205	330	0
297	330	0
337	330	0
338	330	0
77	331	0
121	331	0
192	331	0
193	331	0
194	331	0
195	331	0
205	331	0
296	331	0
297	331	0
338	331	0
77	332	0
121	332	0
189	332	0
190	332	0
191	332	0
192	332	0
204	332	0
205	332	0
296	332	0
338	332	0
339	332	0
77	333	0
121	333	0
187	333	0
188	333	0
189	333	0
202	333	0
203	333	0
204	333	0
296	333	0
339	333	0
340	333	0
77	334	0
121	334	0
122	334	0
185	334	0
186	334	0
187	334	0
200	334	0
201	334	0
202	334	0
296	334	0
340	334	0
341	334	0
77	335	0
122	335	0
185	335	0
198	335	0
199	335	0
200	335	0
296	335	0
341	335	0
342	335	0
77	336	0
122	336	0
185	336	0
186	336	0
187	336	0
194	336	0
195	336	0
196	336	0
197	336	0
198	336	0
296	336	0
342	336	0
343	336	0
77	337	0
122	337	0
123	337	0
187	337	0
188	337	0
192	337	0
193	337	0
194	337	0
296	337	0
343	337	0
77	338	0
123	338	0
188	338	0
189	338	0
190	338	0
191	338	0
192	338	0
203	338	0
204	338	0
205	338	0
296	338	0
297	338	0
343	338	0
77	339	0
123	339	0
201	339	0
202	339	0
203	339	0
205	339	0
297	339	0
343	339	0
344	339	0
77	340	0
78	340	0
123	340	0
200	340	0
201	340	0
205	340	0
297	340	0
344	340	0
345	340	0
78	341	0
123	341	0
124	341	0
197	341	0
198	341	0
199	341	0
200	341	0
205	341	0
297	341	0
345	341	0
78	342	0
124	342	0
196	342	0
197	342	0
205	342	0
297	342	0
345	342	0
346	342	0
78	343	0
124	343	0
193	343	0
194	343	0
195	343	0
196	343	0
204	343	0
205	343	0
297	343	0
346	343	0
78	344	0
79	344	0
124	344	0
193	344	0
204	344	0
297	344	0
346	344	0
79	345	0
80	345	0
124	345	0
125	345	0
193	345	0
203	345	0
204	345	0
297	345	0
346	345	0
80	346	0
125	346	0
193	346	0
194	346	0
201	346	0
202	346	0
203	346	0
297	346	0
346	346	0
347	346	0
80	347	0
81	347	0
125	347	0
194	347	0
195	347	0
196	347	0
197	347	0
199	347	0
200	347	0
201	347	0
297	347	0
347	347	0
81	348	0
82	348	0
124	348	0
125	348	0
197	348	0
198	348	0
199	348	0
297	348	0
298	348	0
347	348	0
82	349	0
124	349	0
298	349	0
347	349	0
82	350	0
83	350	0
124	350	0
298	350	0
347	350	0
348	350	0
83	351	0
84	351	0
124	351	0
298	351	0
299	351	0
348	351	0
84	352	0
85	352	0
123	352	0
124	352	0
299	352	0
348	352	0
85	353	0
123	353	0
299	353	0
348	353	0
85	354	0
86	354	0
123	354	0
299	354	0
348	354	0
86	355	0
87	355	0
88	355	0
123	355	0
299	355	0
348	355	0
88	356	0
89	356	0
123	356	0
299	356	0
300	356	0
348	356	0
89	357	0
90	357	0
122	357	0
123	357	0
300	357	0
348	357	0
349	357	0
90	358	0
91	358	0
92	358	0
121	358	0
122	358	0
300	358	0
349	358	0
525	358	0
526	358	0
527	358	0
528	358	0
92	359	0
93	359	0
120	359	0
121	359	0
300	359	0
301	359	0
349	359	0
519	359	0
520	359	0
521	359	0
522	359	0
523	359	0
524	359	0
525	359	0
528	359	0
529	359	0
530	359	0
531	359	0
532	359	0
533	359	0
534	359	0
93	360	0
94	360	0
95	360	0
119	360	0
120	360	0
301	360	0
349	360	0
515	360	0
516	360	0
517	360	0
518	360	0
519	360	0
534	360	0
535	360	0
536	360	0
537	360	0
538	360	0
95	361	0
96	361	0
97	361	0
118	361	0
119	361	0
301	361	0
349	361	0
513	361	0
514	361	0
515	361	0
538	361	0
539	361	0
540	361	0
97	362	0
98	362	0
118	362	0
247	362	0
248	362	0
249	362	0
301	362	0
302	362	0
349	362	0
511	362	0
512	362	0
513	362	0
540	362	0
541	362	0
542	362	0
98	363	0
99	363	0
100	363	0
117	363	0
118	363	0
244	363	0
245	363	0
246	363	0
247	363	0
249	363	0
250	363	0
251	363	0
252	363	0
253	363	0
254	363	0
255	363	0
302	363	0
349	363	0
510	363	0
511	363	0
542	363	0
543	363	0
544	363	0
100	364	0
101	364	0
115	364	0
116	364	0
117	364	0
244	364	0
255	364	0
256	364	0
302	364	0
303	364	0
348	364	0
349	364	0
508	364	0
509	364	0
510	364	0
544	364	0
545	364	0
546	364	0
101	365	0
102	365	0
103	365	0
113	365	0
114	365	0
115	365	0
243	365	0
244	365	0
256	365	0
257	365	0
303	365	0
348	365	0
507	365	0
508	365	0
546	365	0
547	365	0
548	365	0
103	366	0
104	366	0
105	366	0
106	366	0
107	366	0
108	366	0
109	366	0
110	366	0
111	366	0
112	366	0
113	366	0
242	366	0
243	366	0
257	366	0
258	366	0
259	366	0
303	366	0
304	366	0
348	366	0
505	366	0
506	366	0
507	366	0
548	366	0
549	366	0
237	367	0
238	367	0
239	367	0
240	367	0
241	367	0
242	367	0
259	367	0
260	367	0
304	367	0
305	367	0
348	367	0
503	367	0
504	367	0
505	367	0
549	367	0
550	367	0
551	367	0
237	368	0
260	368	0
305	368	0
306	368	0
348	368	0
503	368	0
551	368	0
552	368	0
236	369	0
237	369	0
260	369	0
261	369	0
306	369	0
307	369	0
348	369	0
502	369	0
503	369	0
552	369	0
553	369	0
235	370	0
236	370	0
261	370	0
262	370	0
307	370	0
308	370	0
348	370	0
502	370	0
553	370	0
554	370	0
234	371	0
235	371	0
262	371	0
308	371	0
309	371	0
347	371	0
348	371	0
501	371	0
502	371	0
554	371	0
233	372	0
234	372	0
262	372	0
263	372	0
309	372	0
310	372	0
347	372	0
500	372	0
501	372	0
554	372	0
555	372	0
233	373	0
263	373	0
264	373	0
310	373	0
311	373	0
347	373	0
500	373	0
555	373	0
232	374	0
233	374	0
264	374	0
311	374	0
312	374	0
313	374	0
347	374	0
500	374	0
555	374	0
556	374	0
232	375	0
264	375	0
265	375	0
313	375	0
314	375	0
347	375	0
499	375	0
500	375	0
556	375	0
557	375	0
232	376	0
265	376	0
266	376	0
314	376	0
315	376	0
316	376	0
345	376	0
346	376	0
347	376	0
499	376	0
557	376	0
231	377	0
232	377	0
266	377	0
316	377	0
317	377	0
332	377	0
333	377	0
334	377	0
335	377	0
336	377	0
337	377	0
338	377	0
339	377	0
340	377	0
341	377	0
342	377	0
343	377	0
344	377	0
345	377	0
498	377	0
499	377	0
557	377	0
558	377	0
231	378	0
266	378	0
317	378	0
318	378	0
319	378	0
320	378	0
329	378	0
330	378	0
331	378	0
332	378	0
498	378	0
558	378	0
559	378	0
65	379	0
66	379	0
67	379	0
68	379	0
231	379	0
266	379	0
320	379	0
321	379	0
322	379	0
323	379	0
324	379	0
325	379	0
326	379	0
327	379	0
328	379	0
329	379	0
498	379	0
559	379	0
61	380	0
62	380	0
63	380	0
64	380	0
65	380	0
68	380	0
69	380	0
70	380	0
71	380	0
72	380	0
231	380	0
266	380	0
267	380	0
497	380	0
498	380	0
559	380	0
57	381	0
58	381	0
59	381	0
60	381	0
61	381	0
72	381	0
73	381	0
74	381	0
75	381	0
231	381	0
267	381	0
268	381	0
413	381	0
414	381	0
415	381	0
416	381	0
417	381	0
418	381	0
497	381	0
559	381	0
560	381	0
56	382	0
57	382	0
75	382	0
76	382	0
77	382	0
231	382	0
268	382	0
269	382	0
411	382	0
412	382	0
413	382	0
418	382	0
419	382	0
497	382	0
560	382	0
561	382	0
55	383	0
56	383	0
77	383	0
78	383	0
79	383	0
231	383	0
269	383	0
270	383	0
409	383	0
410	383	0
411	383	0
419	383	0
420	383	0
421	383	0
422	383	0
496	383	0
497	383	0
561	383	0
54	384	0
55	384	0
79	384	0
80	384	0
231	384	0
270	384	0
408	384	0
409	384	0
422	384	0
496	384	0
561	384	0
562	384	0
54	385	0
80	385	0
81	385	0
231	385	0
232	385	0
270	385	0
407	385	0
408	385	0
422	385	0
496	385	0
497	385	0
562	385	0
53	386	0
54	386	0
81	386	0
82	386	0
232	386	0
270	386	0
407	386	0
421	386	0
422	386	0
497	386	0
562	386	0
563	386	0
52	387	0
53	387	0
82	387	0
83	387	0
232	387	0
270	387	0
407	387	0
420	387	0
421	387	0
497	387	0
563	387	0
564	387	0
51	388	0
52	388	0
83	388	0
84	388	0
232	388	0
233	388	0
270	388	0
407	388	0
417	388	0
418	388	0
419	388	0
420	388	0
497	388	0
564	388	0
50	389	0
51	389	0
84	389	0
85	389	0
233	389	0
270	389	0
407	389	0
413	389	0
414	389	0
415	389	0
416	389	0
417	389	0
497	389	0
564	389	0
50	390	0
85	390	0
86	390	0
233	390	0
270	390	0
407	390	0
410	390	0
411	390	0
412	390	0
413	390	0
425	390	0
426	390	0
427	390	0
428	390	0
497	390	0
564	390	0
565	390	0
49	391	0
50	391	0
86	391	0
87	391	0
233	391	0
234	391	0
270	391	0
407	391	0
408	391	0
409	391	0
410	391	0
424	391	0
425	391	0
428	391	0
429	391	0
430	391	0
497	391	0
565	391	0
49	392	0
87	392	0
234	392	0
237	392	0
238	392	0
239	392	0
270	392	0
423	392	0
424	392	0
430	392	0
431	392	0
497	392	0
565	392	0
48	393	0
49	393	0
87	393	0
88	393	0
234	393	0
235	393	0
236	393	0
237	393	0
239	393	0
240	393	0
241	393	0
242	393	0
243	393	0
269	393	0
270	393	0
422	393	0
423	393	0
431	393	0
432	393	0
433	393	0
497	393	0
565	393	0
566	393	0
48	394	0
88	394	0
89	394	0
243	394	0
244	394	0
245	394	0
246	394	0
257	394	0
258	394	0
259	394	0
267	394	0
268	394	0
269	394	0
421	394	0
422	394	0
433	394	0
497	394	0
566	394	0
48	395	0
89	395	0
90	395	0
246	395	0
247	395	0
248	395	0
249	395	0
250	395	0
251	395	0
252	395	0
253	395	0
254	395	0
255	395	0
256	395	0
257	395	0
259	395	0
260	395	0
261	395	0
265	395	0
266	395	0
267	395	0
409	395	0
410	395	0
411	395	0
412	395	0
413	395	0
414	395	0
420	395	0
421	395	0
433	395	0
434	395	0
497	395	0
566	395	0
567	395	0
47	396	0
48	396	0
90	396	0
91	396	0
261	396	0
262	396	0
263	396	0
264	396	0
265	396	0
408	396	0
409	396	0
414	396	0
420	396	0
434	396	0
497	396	0
567	396	0
47	397	0
91	397	0
92	397	0
408	397	0
413	397	0
414	397	0
419	397	0
420	397	0
434	397	0
497	397	0
498	397	0
567	397	0
47	398	0
92	398	0
408	398	0
409	398	0
413	398	0
418	398	0
419	398	0
434	398	0
435	398	0
498	398	0
567	398	0
47	399	0
92	399	0
409	399	0
412	399	0
413	399	0
418	399	0
435	399	0
498	399	0
567	399	0
46	400	0
47	400	0
92	400	0
93	400	0
236	400	0
237	400	0
238	400	0
239	400	0
240	400	0
241	400	0
242	400	0
409	400	0
410	400	0
411	400	0
412	400	0
417	400	0
418	400	0
435	400	0
498	400	0
499	400	0
567	400	0
568	400	0
46	401	0
93	401	0
235	401	0
236	401	0
242	401	0
243	401	0
244	401	0
245	401	0
246	401	0
247	401	0
410	401	0
411	401	0
416	401	0
417	401	0
434	401	0
435	401	0
499	401	0
568	401	0
46	402	0
93	402	0
94	402	0
235	402	0
247	402	0
248	402	0
249	402	0
250	402	0
251	402	0
416	402	0
433	402	0
434	402	0
499	402	0
567	402	0
568	402	0
46	403	0
94	403	0
235	403	0
251	403	0
252	403	0
253	403	0
254	403	0
255	403	0
256	403	0
257	403	0
258	403	0
259	403	0
260	403	0
415	403	0
416	403	0
430	403	0
431	403	0
432	403	0
433	403	0
499	403	0
500	403	0
567	403	0
46	404	0
47	404	0
94	404	0
95	404	0
235	404	0
260	404	0
261	404	0
415	404	0
428	404	0
429	404	0
430	404	0
500	404	0
567	404	0
47	405	0
95	405	0
235	405	0
261	405	0
262	405	0
415	405	0
425	405	0
426	405	0
427	405	0
428	405	0
500	405	0
567	405	0
47	406	0
95	406	0
235	406	0
236	406	0
262	406	0
263	406	0
264	406	0
415	406	0
423	406	0
424	406	0
425	406	0
500	406	0
501	406	0
567	406	0
47	407	0
95	407	0
236	407	0
264	407	0
265	407	0
415	407	0
416	407	0
421	407	0
422	407	0
423	407	0
434	407	0
435	407	0
436	407	0
437	407	0
501	407	0
567	407	0
47	408	0
95	408	0
236	408	0
237	408	0
238	408	0
239	408	0
240	408	0
241	408	0
242	408	0
243	408	0
244	408	0
245	408	0
246	408	0
247	408	0
248	408	0
249	408	0
250	408	0
251	408	0
252	408	0
253	408	0
254	408	0
255	408	0
256	408	0
257	408	0
258	408	0
259	408	0
260	408	0
261	408	0
262	408	0
263	408	0
265	408	0
416	408	0
417	408	0
420	408	0
421	408	0
432	408	0
433	408	0
434	408	0
437	408	0
438	408	0
501	408	0
567	408	0
47	409	0
48	409	0
95	409	0
263	409	0
264	409	0
265	409	0
417	409	0
418	409	0
419	409	0
420	409	0
430	409	0
431	409	0
432	409	0
438	409	0
439	409	0
501	409	0
502	409	0
567	409	0
48	410	0
95	410	0
428	410	0
429	410	0
430	410	0
439	410	0
502	410	0
567	410	0
48	411	0
95	411	0
425	411	0
426	411	0
427	411	0
428	411	0
439	411	0
440	411	0
502	411	0
503	411	0
567	411	0
48	412	0
49	412	0
95	412	0
423	412	0
424	412	0
425	412	0
440	412	0
503	412	0
566	412	0
567	412	0
49	413	0
95	413	0
421	413	0
422	413	0
423	413	0
440	413	0
503	413	0
504	413	0
566	413	0
49	414	0
50	414	0
95	414	0
421	414	0
440	414	0
504	414	0
566	414	0
50	415	0
95	415	0
243	415	0
244	415	0
245	415	0
246	415	0
247	415	0
248	415	0
249	415	0
250	415	0
251	415	0
252	415	0
253	415	0
254	415	0
421	415	0
440	415	0
504	415	0
505	415	0
566	415	0
50	416	0
95	416	0
239	416	0
240	416	0
241	416	0
242	416	0
243	416	0
254	416	0
255	416	0
256	416	0
257	416	0
258	416	0
259	416	0
260	416	0
261	416	0
262	416	0
421	416	0
422	416	0
439	416	0
440	416	0
505	416	0
566	416	0
50	417	0
51	417	0
95	417	0
237	417	0
238	417	0
239	417	0
262	417	0
263	417	0
264	417	0
265	417	0
266	417	0
267	417	0
268	417	0
269	417	0
270	417	0
271	417	0
272	417	0
422	417	0
439	417	0
505	417	0
506	417	0
566	417	0
51	418	0
95	418	0
237	418	0
272	418	0
273	418	0
422	418	0
423	418	0
424	418	0
425	418	0
438	418	0
439	418	0
506	418	0
507	418	0
565	418	0
566	418	0
51	419	0
95	419	0
236	419	0
237	419	0
273	419	0
274	419	0
425	419	0
426	419	0
427	419	0
435	419	0
436	419	0
437	419	0
438	419	0
507	419	0
508	419	0
564	419	0
565	419	0
51	420	0
52	420	0
95	420	0
235	420	0
236	420	0
274	420	0
275	420	0
427	420	0
428	420	0
429	420	0
430	420	0
431	420	0
432	420	0
433	420	0
434	420	0
435	420	0
508	420	0
564	420	0
52	421	0
95	421	0
234	421	0
235	421	0
275	421	0
276	421	0
508	421	0
509	421	0
564	421	0
52	422	0
53	422	0
95	422	0
233	422	0
234	422	0
276	422	0
277	422	0
509	422	0
510	422	0
563	422	0
564	422	0
53	423	0
95	423	0
233	423	0
277	423	0
510	423	0
511	423	0
563	423	0
53	424	0
54	424	0
94	424	0
95	424	0
232	424	0
233	424	0
277	424	0
278	424	0
511	424	0
512	424	0
562	424	0
563	424	0
54	425	0
94	425	0
232	425	0
278	425	0
512	425	0
513	425	0
562	425	0
54	426	0
94	426	0
231	426	0
232	426	0
278	426	0
279	426	0
513	426	0
514	426	0
561	426	0
562	426	0
54	427	0
93	427	0
94	427	0
231	427	0
279	427	0
280	427	0
428	427	0
429	427	0
430	427	0
431	427	0
514	427	0
515	427	0
561	427	0
54	428	0
91	428	0
92	428	0
93	428	0
230	428	0
231	428	0
280	428	0
426	428	0
427	428	0
428	428	0
431	428	0
432	428	0
433	428	0
434	428	0
515	428	0
516	428	0
560	428	0
561	428	0
54	429	0
55	429	0
89	429	0
90	429	0
91	429	0
230	429	0
280	429	0
281	429	0
424	429	0
425	429	0
426	429	0
434	429	0
516	429	0
517	429	0
559	429	0
560	429	0
55	430	0
56	430	0
87	430	0
88	430	0
89	430	0
230	430	0
281	430	0
282	430	0
424	430	0
434	430	0
435	430	0
517	430	0
518	430	0
558	430	0
559	430	0
56	431	0
57	431	0
85	431	0
86	431	0
87	431	0
230	431	0
282	431	0
424	431	0
435	431	0
436	431	0
518	431	0
519	431	0
520	431	0
558	431	0
57	432	0
58	432	0
83	432	0
84	432	0
85	432	0
230	432	0
282	432	0
283	432	0
424	432	0
436	432	0
437	432	0
520	432	0
521	432	0
556	432	0
557	432	0
558	432	0
58	433	0
59	433	0
80	433	0
81	433	0
82	433	0
83	433	0
230	433	0
231	433	0
283	433	0
424	433	0
437	433	0
438	433	0
521	433	0
522	433	0
523	433	0
555	433	0
556	433	0
59	434	0
60	434	0
78	434	0
79	434	0
80	434	0
231	434	0
283	434	0
284	434	0
424	434	0
438	434	0
523	434	0
524	434	0
525	434	0
547	434	0
548	434	0
553	434	0
554	434	0
555	434	0
60	435	0
61	435	0
76	435	0
77	435	0
78	435	0
231	435	0
284	435	0
424	435	0
438	435	0
439	435	0
525	435	0
526	435	0
527	435	0
546	435	0
547	435	0
548	435	0
549	435	0
550	435	0
551	435	0
552	435	0
553	435	0
61	436	0
62	436	0
63	436	0
64	436	0
73	436	0
74	436	0
75	436	0
76	436	0
231	436	0
284	436	0
424	436	0
439	436	0
527	436	0
528	436	0
529	436	0
545	436	0
546	436	0
64	437	0
65	437	0
66	437	0
72	437	0
73	437	0
90	437	0
91	437	0
92	437	0
93	437	0
231	437	0
284	437	0
424	437	0
425	437	0
439	437	0
529	437	0
530	437	0
531	437	0
544	437	0
545	437	0
66	438	0
67	438	0
68	438	0
69	438	0
70	438	0
71	438	0
72	438	0
83	438	0
84	438	0
85	438	0
86	438	0
87	438	0
88	438	0
89	438	0
90	438	0
93	438	0
231	438	0
284	438	0
425	438	0
439	438	0
531	438	0
532	438	0
533	438	0
534	438	0
535	438	0
536	438	0
542	438	0
543	438	0
544	438	0
68	439	0
69	439	0
80	439	0
81	439	0
82	439	0
83	439	0
93	439	0
94	439	0
231	439	0
284	439	0
425	439	0
426	439	0
439	439	0
536	439	0
537	439	0
538	439	0
539	439	0
540	439	0
541	439	0
542	439	0
79	440	0
80	440	0
94	440	0
231	440	0
284	440	0
426	440	0
427	440	0
428	440	0
439	440	0
78	441	0
79	441	0
94	441	0
231	441	0
281	441	0
282	441	0
283	441	0
284	441	0
428	441	0
429	441	0
438	441	0
439	441	0
75	442	0
76	442	0
77	442	0
78	442	0
94	442	0
231	442	0
280	442	0
281	442	0
283	442	0
284	442	0
429	442	0
430	442	0
431	442	0
437	442	0
438	442	0
74	443	0
75	443	0
94	443	0
231	443	0
279	443	0
280	443	0
431	443	0
432	443	0
433	443	0
434	443	0
435	443	0
436	443	0
437	443	0
72	444	0
73	444	0
74	444	0
94	444	0
231	444	0
232	444	0
278	444	0
279	444	0
72	445	0
93	445	0
94	445	0
232	445	0
277	445	0
278	445	0
72	446	0
73	446	0
93	446	0
232	446	0
233	446	0
276	446	0
277	446	0
73	447	0
92	447	0
93	447	0
233	447	0
234	447	0
275	447	0
276	447	0
73	448	0
92	448	0
234	448	0
274	448	0
275	448	0
73	449	0
74	449	0
89	449	0
90	449	0
91	449	0
92	449	0
234	449	0
235	449	0
274	449	0
285	449	0
286	449	0
287	449	0
288	449	0
74	450	0
75	450	0
76	450	0
80	450	0
81	450	0
82	450	0
83	450	0
84	450	0
85	450	0
86	450	0
87	450	0
88	450	0
89	450	0
235	450	0
236	450	0
273	450	0
274	450	0
285	450	0
288	450	0
76	451	0
77	451	0
78	451	0
79	451	0
80	451	0
236	451	0
237	451	0
272	451	0
273	451	0
284	451	0
285	451	0
288	451	0
369	451	0
370	451	0
371	451	0
372	451	0
373	451	0
374	451	0
375	451	0
376	451	0
377	451	0
378	451	0
379	451	0
380	451	0
381	451	0
382	451	0
383	451	0
237	452	0
238	452	0
271	452	0
272	452	0
283	452	0
284	452	0
288	452	0
366	452	0
367	452	0
368	452	0
369	452	0
383	452	0
384	452	0
238	453	0
270	453	0
271	453	0
282	453	0
283	453	0
288	453	0
355	453	0
356	453	0
357	453	0
358	453	0
359	453	0
360	453	0
361	453	0
362	453	0
363	453	0
364	453	0
365	453	0
366	453	0
384	453	0
385	453	0
238	454	0
239	454	0
269	454	0
270	454	0
281	454	0
282	454	0
288	454	0
354	454	0
355	454	0
385	454	0
386	454	0
387	454	0
239	455	0
240	455	0
241	455	0
268	455	0
269	455	0
280	455	0
281	455	0
288	455	0
353	455	0
354	455	0
387	455	0
388	455	0
241	456	0
242	456	0
268	456	0
279	456	0
280	456	0
288	456	0
352	456	0
353	456	0
388	456	0
389	456	0
457	456	0
458	456	0
459	456	0
460	456	0
461	456	0
462	456	0
463	456	0
242	457	0
243	457	0
244	457	0
267	457	0
268	457	0
278	457	0
279	457	0
288	457	0
351	457	0
352	457	0
389	457	0
390	457	0
455	457	0
456	457	0
457	457	0
463	457	0
464	457	0
465	457	0
244	458	0
245	458	0
266	458	0
267	458	0
277	458	0
278	458	0
288	458	0
350	458	0
351	458	0
390	458	0
391	458	0
435	458	0
436	458	0
453	458	0
454	458	0
455	458	0
465	458	0
466	458	0
467	458	0
245	459	0
246	459	0
265	459	0
266	459	0
276	459	0
277	459	0
286	459	0
287	459	0
288	459	0
350	459	0
391	459	0
392	459	0
434	459	0
435	459	0
436	459	0
437	459	0
451	459	0
452	459	0
453	459	0
467	459	0
468	459	0
469	459	0
246	460	0
247	460	0
264	460	0
265	460	0
275	460	0
276	460	0
284	460	0
285	460	0
286	460	0
349	460	0
350	460	0
392	460	0
434	460	0
437	460	0
450	460	0
451	460	0
469	460	0
470	460	0
247	461	0
248	461	0
249	461	0
264	461	0
274	461	0
275	461	0
282	461	0
283	461	0
284	461	0
348	461	0
349	461	0
392	461	0
393	461	0
434	461	0
437	461	0
449	461	0
450	461	0
470	461	0
471	461	0
249	462	0
250	462	0
251	462	0
262	462	0
263	462	0
264	462	0
273	462	0
274	462	0
279	462	0
280	462	0
281	462	0
282	462	0
348	462	0
393	462	0
394	462	0
434	462	0
437	462	0
438	462	0
449	462	0
471	462	0
472	462	0
473	462	0
251	463	0
252	463	0
253	463	0
254	463	0
255	463	0
260	463	0
261	463	0
262	463	0
272	463	0
273	463	0
277	463	0
278	463	0
279	463	0
347	463	0
348	463	0
394	463	0
395	463	0
434	463	0
437	463	0
438	463	0
449	463	0
473	463	0
474	463	0
255	464	0
256	464	0
257	464	0
258	464	0
259	464	0
260	464	0
271	464	0
272	464	0
275	464	0
276	464	0
277	464	0
347	464	0
395	464	0
396	464	0
434	464	0
437	464	0
449	464	0
474	464	0
475	464	0
216	465	0
217	465	0
218	465	0
219	465	0
220	465	0
221	465	0
222	465	0
223	465	0
224	465	0
225	465	0
226	465	0
227	465	0
271	465	0
272	465	0
273	465	0
274	465	0
275	465	0
347	465	0
396	465	0
434	465	0
435	465	0
436	465	0
437	465	0
449	465	0
475	465	0
214	466	0
215	466	0
216	466	0
227	466	0
228	466	0
229	466	0
230	466	0
271	466	0
272	466	0
287	466	0
288	466	0
289	466	0
347	466	0
396	466	0
397	466	0
449	466	0
475	466	0
476	466	0
213	467	0
214	467	0
230	467	0
231	467	0
232	467	0
285	467	0
286	467	0
287	467	0
289	467	0
347	467	0
397	467	0
398	467	0
449	467	0
476	467	0
477	467	0
212	468	0
213	468	0
232	468	0
233	468	0
234	468	0
235	468	0
284	468	0
285	468	0
289	468	0
346	468	0
347	468	0
398	468	0
449	468	0
477	468	0
210	469	0
211	469	0
212	469	0
235	469	0
236	469	0
237	469	0
281	469	0
282	469	0
283	469	0
284	469	0
289	469	0
346	469	0
398	469	0
449	469	0
450	469	0
477	469	0
478	469	0
210	470	0
237	470	0
238	470	0
279	470	0
280	470	0
281	470	0
289	470	0
346	470	0
398	470	0
399	470	0
437	470	0
438	470	0
439	470	0
440	470	0
441	470	0
450	470	0
478	470	0
479	470	0
209	471	0
210	471	0
238	471	0
239	471	0
240	471	0
276	471	0
277	471	0
278	471	0
279	471	0
289	471	0
346	471	0
399	471	0
436	471	0
437	471	0
441	471	0
442	471	0
450	471	0
479	471	0
209	472	0
240	472	0
241	472	0
275	472	0
276	472	0
289	472	0
345	472	0
346	472	0
399	472	0
400	472	0
436	472	0
442	472	0
450	472	0
479	472	0
209	473	0
241	473	0
242	473	0
275	473	0
276	473	0
289	473	0
345	473	0
400	473	0
436	473	0
442	473	0
443	473	0
450	473	0
479	473	0
209	474	0
242	474	0
243	474	0
276	474	0
277	474	0
278	474	0
289	474	0
345	474	0
400	474	0
436	474	0
443	474	0
444	474	0
450	474	0
479	474	0
208	475	0
209	475	0
243	475	0
244	475	0
278	475	0
279	475	0
288	475	0
289	475	0
345	475	0
400	475	0
436	475	0
437	475	0
444	475	0
450	475	0
479	475	0
208	476	0
244	476	0
245	476	0
279	476	0
280	476	0
288	476	0
345	476	0
400	476	0
437	476	0
444	476	0
450	476	0
479	476	0
91	477	0
92	477	0
93	477	0
94	477	0
208	477	0
245	477	0
246	477	0
263	477	0
264	477	0
265	477	0
266	477	0
267	477	0
268	477	0
269	477	0
270	477	0
271	477	0
280	477	0
281	477	0
282	477	0
283	477	0
286	477	0
287	477	0
288	477	0
345	477	0
400	477	0
437	477	0
444	477	0
450	477	0
451	477	0
479	477	0
86	478	0
87	478	0
88	478	0
89	478	0
90	478	0
91	478	0
94	478	0
95	478	0
96	478	0
97	478	0
98	478	0
99	478	0
207	478	0
208	478	0
246	478	0
263	478	0
271	478	0
272	478	0
273	478	0
283	478	0
284	478	0
285	478	0
286	478	0
345	478	0
400	478	0
437	478	0
444	478	0
451	478	0
452	478	0
478	478	0
479	478	0
83	479	0
84	479	0
85	479	0
86	479	0
99	479	0
100	479	0
101	479	0
207	479	0
246	479	0
247	479	0
263	479	0
273	479	0
274	479	0
275	479	0
345	479	0
400	479	0
437	479	0
444	479	0
452	479	0
478	479	0
80	480	0
81	480	0
82	480	0
83	480	0
101	480	0
102	480	0
207	480	0
247	480	0
248	480	0
263	480	0
275	480	0
276	480	0
345	480	0
398	480	0
399	480	0
400	480	0
437	480	0
438	480	0
444	480	0
452	480	0
453	480	0
477	480	0
478	480	0
79	481	0
80	481	0
102	481	0
103	481	0
104	481	0
207	481	0
248	481	0
263	481	0
276	481	0
345	481	0
397	481	0
398	481	0
438	481	0
444	481	0
453	481	0
454	481	0
475	481	0
476	481	0
477	481	0
78	482	0
79	482	0
104	482	0
105	482	0
207	482	0
248	482	0
249	482	0
263	482	0
276	482	0
345	482	0
396	482	0
397	482	0
438	482	0
439	482	0
444	482	0
454	482	0
473	482	0
474	482	0
475	482	0
77	483	0
78	483	0
105	483	0
106	483	0
107	483	0
207	483	0
249	483	0
263	483	0
276	483	0
345	483	0
396	483	0
439	483	0
443	483	0
444	483	0
454	483	0
455	483	0
472	483	0
473	483	0
76	484	0
77	484	0
107	484	0
108	484	0
109	484	0
206	484	0
207	484	0
249	484	0
263	484	0
276	484	0
285	484	0
286	484	0
287	484	0
288	484	0
289	484	0
345	484	0
394	484	0
395	484	0
396	484	0
439	484	0
440	484	0
441	484	0
442	484	0
443	484	0
455	484	0
456	484	0
470	484	0
471	484	0
472	484	0
75	485	0
76	485	0
109	485	0
110	485	0
206	485	0
249	485	0
250	485	0
263	485	0
275	485	0
276	485	0
283	485	0
284	485	0
285	485	0
289	485	0
290	485	0
345	485	0
392	485	0
393	485	0
394	485	0
456	485	0
468	485	0
469	485	0
470	485	0
75	486	0
110	486	0
111	486	0
206	486	0
250	486	0
263	486	0
264	486	0
275	486	0
282	486	0
283	486	0
290	486	0
291	486	0
345	486	0
390	486	0
391	486	0
392	486	0
456	486	0
457	486	0
466	486	0
467	486	0
468	486	0
479	486	0
480	486	0
481	486	0
482	486	0
483	486	0
74	487	0
75	487	0
111	487	0
112	487	0
206	487	0
250	487	0
264	487	0
265	487	0
274	487	0
275	487	0
281	487	0
282	487	0
291	487	0
345	487	0
388	487	0
389	487	0
390	487	0
457	487	0
465	487	0
466	487	0
477	487	0
478	487	0
479	487	0
483	487	0
73	488	0
74	488	0
112	488	0
113	488	0
205	488	0
206	488	0
250	488	0
265	488	0
266	488	0
267	488	0
268	488	0
269	488	0
270	488	0
271	488	0
272	488	0
273	488	0
274	488	0
280	488	0
281	488	0
291	488	0
345	488	0
346	488	0
386	488	0
387	488	0
388	488	0
457	488	0
458	488	0
463	488	0
464	488	0
465	488	0
476	488	0
477	488	0
483	488	0
73	489	0
113	489	0
114	489	0
205	489	0
250	489	0
279	489	0
280	489	0
282	489	0
283	489	0
284	489	0
285	489	0
286	489	0
287	489	0
288	489	0
289	489	0
290	489	0
291	489	0
346	489	0
347	489	0
384	489	0
385	489	0
386	489	0
458	489	0
459	489	0
460	489	0
461	489	0
462	489	0
463	489	0
474	489	0
475	489	0
476	489	0
483	489	0
72	490	0
73	490	0
114	490	0
205	490	0
206	490	0
250	490	0
251	490	0
279	490	0
280	490	0
281	490	0
282	490	0
347	490	0
383	490	0
384	490	0
472	490	0
473	490	0
474	490	0
483	490	0
72	491	0
114	491	0
115	491	0
206	491	0
251	491	0
347	491	0
382	491	0
383	491	0
402	491	0
403	491	0
404	491	0
405	491	0
406	491	0
407	491	0
470	491	0
471	491	0
472	491	0
483	491	0
71	492	0
72	492	0
115	492	0
206	492	0
251	492	0
347	492	0
380	492	0
381	492	0
382	492	0
401	492	0
402	492	0
407	492	0
408	492	0
409	492	0
469	492	0
470	492	0
483	492	0
71	493	0
115	493	0
116	493	0
206	493	0
251	493	0
347	493	0
378	493	0
379	493	0
380	493	0
396	493	0
397	493	0
398	493	0
399	493	0
400	493	0
401	493	0
409	493	0
410	493	0
411	493	0
467	493	0
468	493	0
469	493	0
482	493	0
483	493	0
71	494	0
116	494	0
206	494	0
251	494	0
289	494	0
290	494	0
291	494	0
292	494	0
293	494	0
347	494	0
348	494	0
376	494	0
377	494	0
378	494	0
394	494	0
395	494	0
396	494	0
411	494	0
412	494	0
466	494	0
467	494	0
480	494	0
481	494	0
482	494	0
71	495	0
116	495	0
206	495	0
251	495	0
285	495	0
286	495	0
287	495	0
288	495	0
289	495	0
293	495	0
294	495	0
348	495	0
349	495	0
375	495	0
376	495	0
393	495	0
394	495	0
412	495	0
413	495	0
466	495	0
477	495	0
478	495	0
479	495	0
480	495	0
71	496	0
116	496	0
117	496	0
206	496	0
251	496	0
282	496	0
283	496	0
284	496	0
285	496	0
294	496	0
349	496	0
373	496	0
374	496	0
375	496	0
392	496	0
393	496	0
413	496	0
414	496	0
466	496	0
475	496	0
476	496	0
477	496	0
70	497	0
71	497	0
117	497	0
206	497	0
250	497	0
251	497	0
280	497	0
281	497	0
282	497	0
294	497	0
295	497	0
349	497	0
350	497	0
372	497	0
373	497	0
390	497	0
391	497	0
392	497	0
414	497	0
415	497	0
466	497	0
467	497	0
473	497	0
474	497	0
475	497	0
70	498	0
117	498	0
206	498	0
250	498	0
279	498	0
280	498	0
295	498	0
350	498	0
370	498	0
371	498	0
372	498	0
388	498	0
389	498	0
390	498	0
415	498	0
416	498	0
467	498	0
470	498	0
471	498	0
472	498	0
473	498	0
70	499	0
117	499	0
206	499	0
250	499	0
278	499	0
279	499	0
295	499	0
350	499	0
364	499	0
365	499	0
366	499	0
367	499	0
369	499	0
370	499	0
387	499	0
388	499	0
416	499	0
417	499	0
467	499	0
468	499	0
469	499	0
470	499	0
482	499	0
483	499	0
484	499	0
69	500	0
70	500	0
117	500	0
206	500	0
207	500	0
249	500	0
250	500	0
277	500	0
278	500	0
295	500	0
350	500	0
351	500	0
359	500	0
360	500	0
361	500	0
362	500	0
363	500	0
364	500	0
367	500	0
368	500	0
369	500	0
386	500	0
387	500	0
417	500	0
418	500	0
480	500	0
481	500	0
482	500	0
484	500	0
69	501	0
117	501	0
207	501	0
249	501	0
275	501	0
276	501	0
277	501	0
295	501	0
351	501	0
352	501	0
358	501	0
359	501	0
384	501	0
385	501	0
386	501	0
418	501	0
478	501	0
479	501	0
480	501	0
484	501	0
68	502	0
69	502	0
117	502	0
207	502	0
208	502	0
249	502	0
274	502	0
275	502	0
295	502	0
352	502	0
353	502	0
355	502	0
356	502	0
357	502	0
358	502	0
383	502	0
384	502	0
418	502	0
419	502	0
476	502	0
477	502	0
478	502	0
483	502	0
484	502	0
68	503	0
117	503	0
208	503	0
248	503	0
249	503	0
273	503	0
274	503	0
295	503	0
353	503	0
354	503	0
355	503	0
381	503	0
382	503	0
383	503	0
419	503	0
473	503	0
474	503	0
475	503	0
476	503	0
480	503	0
481	503	0
482	503	0
483	503	0
68	504	0
117	504	0
208	504	0
248	504	0
273	504	0
295	504	0
380	504	0
381	504	0
419	504	0
420	504	0
471	504	0
472	504	0
473	504	0
477	504	0
478	504	0
479	504	0
480	504	0
68	505	0
117	505	0
208	505	0
247	505	0
248	505	0
272	505	0
273	505	0
295	505	0
379	505	0
380	505	0
420	505	0
471	505	0
475	505	0
476	505	0
477	505	0
68	506	0
116	506	0
117	506	0
208	506	0
246	506	0
247	506	0
272	506	0
294	506	0
295	506	0
378	506	0
379	506	0
420	506	0
471	506	0
472	506	0
473	506	0
474	506	0
475	506	0
68	507	0
69	507	0
116	507	0
208	507	0
246	507	0
272	507	0
294	507	0
377	507	0
378	507	0
420	507	0
421	507	0
483	507	0
484	507	0
485	507	0
486	507	0
487	507	0
488	507	0
69	508	0
116	508	0
208	508	0
209	508	0
245	508	0
246	508	0
272	508	0
293	508	0
294	508	0
359	508	0
360	508	0
361	508	0
362	508	0
376	508	0
377	508	0
421	508	0
482	508	0
483	508	0
486	508	0
487	508	0
488	508	0
69	509	0
116	509	0
209	509	0
210	509	0
243	509	0
244	509	0
245	509	0
272	509	0
292	509	0
293	509	0
358	509	0
359	509	0
362	509	0
375	509	0
376	509	0
421	509	0
480	509	0
481	509	0
482	509	0
483	509	0
484	509	0
485	509	0
486	509	0
69	510	0
70	510	0
116	510	0
210	510	0
211	510	0
242	510	0
243	510	0
272	510	0
292	510	0
357	510	0
358	510	0
362	510	0
363	510	0
374	510	0
375	510	0
421	510	0
422	510	0
477	510	0
478	510	0
479	510	0
480	510	0
481	510	0
482	510	0
483	510	0
70	511	0
115	511	0
116	511	0
211	511	0
212	511	0
240	511	0
241	511	0
242	511	0
272	511	0
289	511	0
290	511	0
291	511	0
292	511	0
357	511	0
363	511	0
364	511	0
373	511	0
374	511	0
422	511	0
475	511	0
476	511	0
477	511	0
479	511	0
480	511	0
481	511	0
70	512	0
71	512	0
115	512	0
212	512	0
213	512	0
214	512	0
239	512	0
240	512	0
272	512	0
273	512	0
288	512	0
289	512	0
356	512	0
357	512	0
363	512	0
364	512	0
373	512	0
422	512	0
473	512	0
474	512	0
475	512	0
477	512	0
478	512	0
479	512	0
497	512	0
498	512	0
499	512	0
500	512	0
71	513	0
72	513	0
114	513	0
115	513	0
214	513	0
215	513	0
216	513	0
238	513	0
239	513	0
273	513	0
287	513	0
288	513	0
356	513	0
363	513	0
373	513	0
422	513	0
473	513	0
475	513	0
476	513	0
477	513	0
494	513	0
495	513	0
496	513	0
497	513	0
500	513	0
501	513	0
502	513	0
503	513	0
504	513	0
505	513	0
506	513	0
72	514	0
73	514	0
113	514	0
114	514	0
216	514	0
217	514	0
237	514	0
238	514	0
273	514	0
274	514	0
287	514	0
356	514	0
362	514	0
363	514	0
372	514	0
373	514	0
422	514	0
423	514	0
473	514	0
474	514	0
475	514	0
492	514	0
493	514	0
494	514	0
506	514	0
507	514	0
508	514	0
509	514	0
73	515	0
113	515	0
217	515	0
218	515	0
219	515	0
234	515	0
235	515	0
236	515	0
237	515	0
274	515	0
286	515	0
287	515	0
355	515	0
356	515	0
362	515	0
372	515	0
423	515	0
489	515	0
490	515	0
491	515	0
492	515	0
509	515	0
510	515	0
511	515	0
73	516	0
74	516	0
112	516	0
113	516	0
219	516	0
220	516	0
221	516	0
222	516	0
223	516	0
224	516	0
225	516	0
226	516	0
232	516	0
233	516	0
234	516	0
274	516	0
275	516	0
285	516	0
286	516	0
355	516	0
362	516	0
372	516	0
423	516	0
487	516	0
488	516	0
489	516	0
511	516	0
512	516	0
513	516	0
514	516	0
74	517	0
75	517	0
112	517	0
221	517	0
222	517	0
226	517	0
227	517	0
228	517	0
229	517	0
230	517	0
231	517	0
232	517	0
275	517	0
276	517	0
277	517	0
278	517	0
284	517	0
285	517	0
355	517	0
362	517	0
371	517	0
372	517	0
423	517	0
484	517	0
485	517	0
486	517	0
487	517	0
514	517	0
515	517	0
516	517	0
75	518	0
76	518	0
111	518	0
112	518	0
278	518	0
279	518	0
280	518	0
281	518	0
282	518	0
283	518	0
284	518	0
355	518	0
361	518	0
362	518	0
370	518	0
371	518	0
423	518	0
482	518	0
483	518	0
484	518	0
516	518	0
517	518	0
76	519	0
77	519	0
110	519	0
111	519	0
355	519	0
356	519	0
361	519	0
370	519	0
423	519	0
424	519	0
480	519	0
481	519	0
482	519	0
517	519	0
518	519	0
519	519	0
77	520	0
78	520	0
110	520	0
356	520	0
361	520	0
370	520	0
424	520	0
478	520	0
479	520	0
480	520	0
519	520	0
520	520	0
78	521	0
109	521	0
110	521	0
356	521	0
357	521	0
360	521	0
361	521	0
369	521	0
370	521	0
424	521	0
476	521	0
477	521	0
478	521	0
520	521	0
521	521	0
78	522	0
79	522	0
80	522	0
81	522	0
108	522	0
109	522	0
357	522	0
358	522	0
360	522	0
369	522	0
424	522	0
474	522	0
475	522	0
476	522	0
521	522	0
522	522	0
523	522	0
81	523	0
82	523	0
83	523	0
106	523	0
107	523	0
108	523	0
358	523	0
359	523	0
360	523	0
369	523	0
424	523	0
472	523	0
473	523	0
474	523	0
523	523	0
524	523	0
83	524	0
84	524	0
104	524	0
105	524	0
106	524	0
358	524	0
359	524	0
368	524	0
369	524	0
424	524	0
471	524	0
472	524	0
524	524	0
84	525	0
85	525	0
86	525	0
101	525	0
102	525	0
103	525	0
104	525	0
367	525	0
368	525	0
424	525	0
470	525	0
471	525	0
524	525	0
525	525	0
86	526	0
87	526	0
88	526	0
89	526	0
90	526	0
97	526	0
98	526	0
99	526	0
100	526	0
101	526	0
367	526	0
424	526	0
470	526	0
525	526	0
526	526	0
90	527	0
91	527	0
92	527	0
93	527	0
94	527	0
95	527	0
96	527	0
97	527	0
366	527	0
367	527	0
424	527	0
469	527	0
470	527	0
526	527	0
366	528	0
424	528	0
469	528	0
526	528	0
366	529	0
424	529	0
469	529	0
526	529	0
527	529	0
366	530	0
424	530	0
468	530	0
469	530	0
527	530	0
366	531	0
424	531	0
468	531	0
527	531	0
366	532	0
424	532	0
467	532	0
468	532	0
527	532	0
366	533	0
424	533	0
467	533	0
527	533	0
366	534	0
424	534	0
466	534	0
467	534	0
527	534	0
366	535	0
424	535	0
466	535	0
527	535	0
528	535	0
284	536	0
285	536	0
286	536	0
287	536	0
288	536	0
289	536	0
290	536	0
291	536	0
292	536	0
293	536	0
294	536	0
366	536	0
424	536	0
466	536	0
528	536	0
280	537	0
281	537	0
282	537	0
283	537	0
284	537	0
294	537	0
295	537	0
296	537	0
297	537	0
366	537	0
423	537	0
424	537	0
466	537	0
528	537	0
276	538	0
277	538	0
278	538	0
279	538	0
280	538	0
297	538	0
298	538	0
299	538	0
366	538	0
367	538	0
423	538	0
466	538	0
528	538	0
274	539	0
275	539	0
276	539	0
299	539	0
300	539	0
367	539	0
422	539	0
423	539	0
466	539	0
528	539	0
272	540	0
273	540	0
274	540	0
300	540	0
301	540	0
302	540	0
367	540	0
368	540	0
422	540	0
466	540	0
528	540	0
271	541	0
272	541	0
302	541	0
303	541	0
368	541	0
369	541	0
422	541	0
466	541	0
528	541	0
270	542	0
271	542	0
303	542	0
369	542	0
370	542	0
421	542	0
422	542	0
466	542	0
528	542	0
269	543	0
270	543	0
303	543	0
304	543	0
370	543	0
371	543	0
421	543	0
466	543	0
528	543	0
268	544	0
269	544	0
304	544	0
305	544	0
371	544	0
421	544	0
466	544	0
528	544	0
268	545	0
305	545	0
306	545	0
371	545	0
420	545	0
421	545	0
466	545	0
528	545	0
267	546	0
268	546	0
306	546	0
371	546	0
372	546	0
420	546	0
466	546	0
528	546	0
267	547	0
306	547	0
307	547	0
372	547	0
420	547	0
466	547	0
467	547	0
527	547	0
528	547	0
157	548	0
158	548	0
159	548	0
160	548	0
161	548	0
162	548	0
266	548	0
267	548	0
307	548	0
308	548	0
372	548	0
373	548	0
419	548	0
420	548	0
467	548	0
527	548	0
157	549	0
158	549	0
162	549	0
163	549	0
265	549	0
266	549	0
308	549	0
373	549	0
418	549	0
419	549	0
467	549	0
527	549	0
158	550	0
159	550	0
163	550	0
164	550	0
265	550	0
308	550	0
309	550	0
373	550	0
374	550	0
417	550	0
418	550	0
467	550	0
468	550	0
527	550	0
159	551	0
160	551	0
161	551	0
164	551	0
165	551	0
264	551	0
265	551	0
309	551	0
374	551	0
375	551	0
376	551	0
417	551	0
468	551	0
527	551	0
161	552	0
162	552	0
163	552	0
164	552	0
165	552	0
166	552	0
264	552	0
309	552	0
310	552	0
376	552	0
377	552	0
415	552	0
416	552	0
417	552	0
468	552	0
527	552	0
104	553	0
105	553	0
106	553	0
164	553	0
165	553	0
166	553	0
167	553	0
263	553	0
264	553	0
310	553	0
311	553	0
377	553	0
378	553	0
414	553	0
415	553	0
468	553	0
469	553	0
526	553	0
527	553	0
99	554	0
100	554	0
101	554	0
102	554	0
103	554	0
104	554	0
106	554	0
107	554	0
108	554	0
166	554	0
167	554	0
263	554	0
311	554	0
378	554	0
379	554	0
413	554	0
414	554	0
469	554	0
526	554	0
95	555	0
96	555	0
97	555	0
98	555	0
99	555	0
108	555	0
146	555	0
147	555	0
148	555	0
149	555	0
263	555	0
311	555	0
379	555	0
380	555	0
381	555	0
408	555	0
409	555	0
410	555	0
411	555	0
412	555	0
413	555	0
469	555	0
526	555	0
94	556	0
95	556	0
108	556	0
109	556	0
143	556	0
144	556	0
145	556	0
146	556	0
149	556	0
150	556	0
151	556	0
152	556	0
262	556	0
263	556	0
311	556	0
312	556	0
381	556	0
382	556	0
383	556	0
384	556	0
385	556	0
386	556	0
387	556	0
407	556	0
408	556	0
469	556	0
525	556	0
526	556	0
93	557	0
94	557	0
109	557	0
140	557	0
141	557	0
142	557	0
143	557	0
152	557	0
153	557	0
154	557	0
262	557	0
312	557	0
387	557	0
388	557	0
406	557	0
407	557	0
469	557	0
470	557	0
525	557	0
93	558	0
109	558	0
110	558	0
139	558	0
140	558	0
154	558	0
261	558	0
262	558	0
312	558	0
388	558	0
389	558	0
390	558	0
403	558	0
404	558	0
405	558	0
406	558	0
470	558	0
471	558	0
524	558	0
525	558	0
92	559	0
93	559	0
110	559	0
138	559	0
139	559	0
154	559	0
155	559	0
163	559	0
164	559	0
165	559	0
166	559	0
261	559	0
312	559	0
390	559	0
391	559	0
392	559	0
393	559	0
394	559	0
401	559	0
402	559	0
403	559	0
471	559	0
472	559	0
523	559	0
524	559	0
91	560	0
92	560	0
110	560	0
111	560	0
137	560	0
138	560	0
155	560	0
156	560	0
163	560	0
164	560	0
166	560	0
167	560	0
168	560	0
261	560	0
312	560	0
394	560	0
395	560	0
396	560	0
397	560	0
398	560	0
399	560	0
400	560	0
401	560	0
472	560	0
522	560	0
523	560	0
91	561	0
111	561	0
136	561	0
137	561	0
156	561	0
157	561	0
164	561	0
165	561	0
168	561	0
169	561	0
170	561	0
261	561	0
312	561	0
472	561	0
473	561	0
521	561	0
522	561	0
90	562	0
91	562	0
111	562	0
135	562	0
136	562	0
157	562	0
165	562	0
166	562	0
170	562	0
171	562	0
261	562	0
312	562	0
473	562	0
474	562	0
519	562	0
520	562	0
521	562	0
90	563	0
111	563	0
112	563	0
134	563	0
135	563	0
157	563	0
158	563	0
166	563	0
171	563	0
261	563	0
312	563	0
313	563	0
474	563	0
475	563	0
516	563	0
517	563	0
518	563	0
519	563	0
90	564	0
112	564	0
134	564	0
158	564	0
159	564	0
166	564	0
167	564	0
171	564	0
172	564	0
261	564	0
313	564	0
475	564	0
476	564	0
513	564	0
514	564	0
515	564	0
516	564	0
89	565	0
90	565	0
112	565	0
113	565	0
133	565	0
134	565	0
159	565	0
160	565	0
167	565	0
168	565	0
172	565	0
261	565	0
312	565	0
313	565	0
476	565	0
477	565	0
510	565	0
511	565	0
512	565	0
513	565	0
89	566	0
113	566	0
132	566	0
133	566	0
160	566	0
168	566	0
172	566	0
173	566	0
261	566	0
312	566	0
477	566	0
478	566	0
479	566	0
507	566	0
508	566	0
509	566	0
510	566	0
89	567	0
113	567	0
131	567	0
132	567	0
160	567	0
161	567	0
168	567	0
169	567	0
173	567	0
261	567	0
262	567	0
312	567	0
479	567	0
480	567	0
505	567	0
506	567	0
507	567	0
88	568	0
89	568	0
113	568	0
130	568	0
131	568	0
161	568	0
162	568	0
169	568	0
170	568	0
173	568	0
262	568	0
312	568	0
480	568	0
481	568	0
502	568	0
503	568	0
504	568	0
505	568	0
88	569	0
113	569	0
114	569	0
129	569	0
130	569	0
162	569	0
163	569	0
170	569	0
173	569	0
174	569	0
262	569	0
312	569	0
481	569	0
482	569	0
483	569	0
499	569	0
500	569	0
501	569	0
502	569	0
88	570	0
114	570	0
129	570	0
163	570	0
170	570	0
171	570	0
174	570	0
262	570	0
312	570	0
483	570	0
484	570	0
485	570	0
486	570	0
497	570	0
498	570	0
499	570	0
518	570	0
519	570	0
520	570	0
88	571	0
114	571	0
129	571	0
163	571	0
164	571	0
171	571	0
172	571	0
174	571	0
262	571	0
263	571	0
311	571	0
312	571	0
486	571	0
487	571	0
488	571	0
495	571	0
496	571	0
497	571	0
515	571	0
516	571	0
517	571	0
518	571	0
520	571	0
88	572	0
114	572	0
128	572	0
129	572	0
164	572	0
165	572	0
172	572	0
174	572	0
263	572	0
311	572	0
488	572	0
489	572	0
490	572	0
491	572	0
492	572	0
493	572	0
494	572	0
495	572	0
512	572	0
513	572	0
514	572	0
515	572	0
520	572	0
88	573	0
114	573	0
128	573	0
165	573	0
172	573	0
173	573	0
174	573	0
175	573	0
263	573	0
264	573	0
310	573	0
311	573	0
510	573	0
511	573	0
512	573	0
519	573	0
520	573	0
88	574	0
113	574	0
114	574	0
128	574	0
165	574	0
166	574	0
173	574	0
174	574	0
175	574	0
264	574	0
265	574	0
309	574	0
310	574	0
507	574	0
508	574	0
509	574	0
510	574	0
519	574	0
88	575	0
89	575	0
113	575	0
127	575	0
128	575	0
166	575	0
167	575	0
174	575	0
175	575	0
265	575	0
266	575	0
306	575	0
307	575	0
308	575	0
309	575	0
505	575	0
506	575	0
507	575	0
517	575	0
518	575	0
519	575	0
89	576	0
113	576	0
127	576	0
167	576	0
266	576	0
267	576	0
292	576	0
293	576	0
294	576	0
295	576	0
296	576	0
301	576	0
302	576	0
303	576	0
304	576	0
305	576	0
306	576	0
502	576	0
503	576	0
504	576	0
505	576	0
515	576	0
516	576	0
517	576	0
89	577	0
113	577	0
127	577	0
167	577	0
168	577	0
267	577	0
268	577	0
269	577	0
289	577	0
290	577	0
291	577	0
292	577	0
296	577	0
297	577	0
298	577	0
299	577	0
300	577	0
301	577	0
500	577	0
501	577	0
502	577	0
512	577	0
513	577	0
514	577	0
515	577	0
89	578	0
113	578	0
126	578	0
127	578	0
168	578	0
169	578	0
269	578	0
270	578	0
287	578	0
288	578	0
289	578	0
499	578	0
500	578	0
509	578	0
510	578	0
511	578	0
512	578	0
89	579	0
90	579	0
113	579	0
126	579	0
169	579	0
270	579	0
271	579	0
284	579	0
285	579	0
286	579	0
287	579	0
499	579	0
500	579	0
507	579	0
508	579	0
509	579	0
90	580	0
91	580	0
112	580	0
113	580	0
125	580	0
126	580	0
169	580	0
170	580	0
271	580	0
283	580	0
284	580	0
500	580	0
501	580	0
502	580	0
503	580	0
504	580	0
505	580	0
506	580	0
507	580	0
91	581	0
92	581	0
109	581	0
110	581	0
111	581	0
112	581	0
125	581	0
170	581	0
271	581	0
272	581	0
278	581	0
279	581	0
280	581	0
281	581	0
282	581	0
283	581	0
308	581	0
309	581	0
92	582	0
93	582	0
103	582	0
104	582	0
105	582	0
106	582	0
107	582	0
108	582	0
109	582	0
125	582	0
170	582	0
171	582	0
272	582	0
273	582	0
274	582	0
275	582	0
276	582	0
277	582	0
278	582	0
304	582	0
305	582	0
306	582	0
307	582	0
308	582	0
309	582	0
310	582	0
93	583	0
94	583	0
95	583	0
96	583	0
97	583	0
98	583	0
99	583	0
100	583	0
101	583	0
102	583	0
103	583	0
125	583	0
171	583	0
301	583	0
302	583	0
303	583	0
304	583	0
310	583	0
125	584	0
171	584	0
172	584	0
298	584	0
299	584	0
300	584	0
301	584	0
310	584	0
125	585	0
172	585	0
294	585	0
295	585	0
296	585	0
297	585	0
298	585	0
310	585	0
124	586	0
125	586	0
172	586	0
173	586	0
291	586	0
292	586	0
293	586	0
294	586	0
310	586	0
124	587	0
173	587	0
289	587	0
290	587	0
291	587	0
310	587	0
105	588	0
106	588	0
107	588	0
108	588	0
109	588	0
110	588	0
111	588	0
124	588	0
173	588	0
287	588	0
288	588	0
289	588	0
309	588	0
310	588	0
96	589	0
97	589	0
98	589	0
99	589	0
100	589	0
101	589	0
102	589	0
103	589	0
104	589	0
105	589	0
111	589	0
112	589	0
124	589	0
173	589	0
279	589	0
280	589	0
281	589	0
286	589	0
287	589	0
309	589	0
95	590	0
96	590	0
112	590	0
124	590	0
173	590	0
279	590	0
281	590	0
282	590	0
283	590	0
284	590	0
285	590	0
286	590	0
308	590	0
309	590	0
95	591	0
112	591	0
124	591	0
173	591	0
279	591	0
280	591	0
308	591	0
95	592	0
96	592	0
112	592	0
124	592	0
173	592	0
280	592	0
281	592	0
307	592	0
308	592	0
96	593	0
111	593	0
112	593	0
124	593	0
173	593	0
281	593	0
282	593	0
307	593	0
96	594	0
111	594	0
124	594	0
173	594	0
174	594	0
282	594	0
283	594	0
306	594	0
307	594	0
96	595	0
111	595	0
124	595	0
174	595	0
283	595	0
284	595	0
285	595	0
286	595	0
287	595	0
305	595	0
306	595	0
96	596	0
97	596	0
111	596	0
124	596	0
125	596	0
174	596	0
287	596	0
288	596	0
303	596	0
304	596	0
305	596	0
97	597	0
111	597	0
125	597	0
173	597	0
174	597	0
288	597	0
289	597	0
290	597	0
299	597	0
300	597	0
301	597	0
302	597	0
303	597	0
97	598	0
98	598	0
110	598	0
111	598	0
125	598	0
173	598	0
290	598	0
291	598	0
292	598	0
294	598	0
295	598	0
296	598	0
297	598	0
298	598	0
299	598	0
98	599	0
99	599	0
110	599	0
125	599	0
126	599	0
173	599	0
292	599	0
293	599	0
294	599	0
99	600	0
100	600	0
101	600	0
102	600	0
103	600	0
104	600	0
105	600	0
106	600	0
107	600	0
108	600	0
109	600	0
110	600	0
126	600	0
127	600	0
172	600	0
173	600	0
127	601	0
128	601	0
172	601	0
128	602	0
171	602	0
172	602	0
128	603	0
170	603	0
171	603	0
128	604	0
129	604	0
170	604	0
129	605	0
169	605	0
170	605	0
129	606	0
130	606	0
131	606	0
168	606	0
169	606	0
131	607	0
132	607	0
168	607	0
132	608	0
133	608	0
167	608	0
168	608	0
133	609	0
134	609	0
166	609	0
167	609	0
134	610	0
135	610	0
166	610	0
135	611	0
136	611	0
137	611	0
165	611	0
166	611	0
137	612	0
138	612	0
139	612	0
164	612	0
165	612	0
139	613	0
140	613	0
162	613	0
163	613	0
164	613	0
140	614	0
141	614	0
161	614	0
162	614	0
141	615	0
142	615	0
143	615	0
144	615	0
145	615	0
157	615	0
158	615	0
159	615	0
160	615	0
161	615	0
145	616	0
146	616	0
147	616	0
152	616	0
153	616	0
154	616	0
155	616	0
156	616	0
157	616	0
147	617	0
148	617	0
149	617	0
150	617	0
151	617	0
152	617	0
